Namespace(batch_size=64, bottleneck=256, class_num=65, classifier='bn', cls_par=0.3, da='pda', distance='cosine', dset='office-home', ent=True, ent_par=1.0, epsilon=1e-05, gent=True, gpu_id='1', interval=15, issave=False, layer='wn', lr=0.01, lr_decay1=0.1, lr_decay2=1.0, max_epoch=15, name='AP', net='resnet50', out_file=<_io.TextIOWrapper name='ckpt/target/pda/office-home/AP/log_par_0.3_thr0.txt' mode='w' encoding='UTF-8'>, output='ckpt/target', output_dir='ckpt/target/pda/office-home/AP', output_dir_src='ckpt/source/pda/office-home/A', output_src='ckpt/source', s=2, s_dset_path='./data/office-home/Art.txt', savename='par_0.3_thr0', seed=2020, src_classes=[0, 1, 2, 3, 4, 5, 6, 7, 8, 9, 10, 11, 12, 13, 14, 15, 16, 17, 18, 19, 20, 21, 22, 23, 24, 25, 26, 27, 28, 29, 30, 31, 32, 33, 34, 35, 36, 37, 38, 39, 40, 41, 42, 43, 44, 45, 46, 47, 48, 49, 50, 51, 52, 53, 54, 55, 56, 57, 58, 59, 60, 61, 62, 63, 64], t=0, t_dset_path='./data/office-home/Product.txt', tar_classes=[0, 1, 2, 3, 4, 5, 6, 7, 8, 9, 10, 11, 12, 13, 14, 15, 16, 17, 18, 19, 20, 21, 22, 23, 24], test_dset_path='./data/office-home/Product.txt', threshold=0, worker=4)
/opt/conda/lib/python3.7/site-packages/torchvision/models/_utils.py:209: UserWarning: The parameter 'pretrained' is deprecated since 0.13 and will be removed in 0.15, please use 'weights' instead.
  f"The parameter '{pretrained_param}' is deprecated since 0.13 and will be removed in 0.15, "
/opt/conda/lib/python3.7/site-packages/torchvision/models/_utils.py:223: UserWarning: Arguments other than a weight enum or `None` for 'weights' are deprecated since 0.13 and will be removed in 0.15. The current behavior is equivalent to passing `weights=ResNet50_Weights.IMAGENET1K_V1`. You can also use `weights=ResNet50_Weights.DEFAULT` to get the most up-to-date weights.
  warnings.warn(msg)
cls_count [ 64.  74.  77.  39.  43.  28.  36.  94.  86.  36.  64.  36.  20. 107.
  52.  33.  66.  12.  65.  41.  96.  64.  87.  61.  21.   0.  23.  22.
   3.   1.   3.  10.  38.   5.   8.   8.  11.   0.  24.   2.   3.   2.
  10.   8.  11.  20.   5.   8.  18.   1.   5.   7.   3.   5.  11.  11.
   6.   7.   1.  15.   1.  26.   2.  33.   6.]
Accuracy = 66.89% -> 69.02%

64 [0, 1, 2, 3, 4, 5, 6, 7, 8, 9, 10, 11, 12, 13, 14, 15, 16, 17, 18, 19, 20, 21, 22, 23, 24, 26, 27, 28, 29, 30, 31, 32, 33, 34, 35, 36, 37, 38, 39, 40, 41, 42, 43, 44, 45, 46, 47, 48, 49, 50, 51, 52, 53, 54, 55, 56, 57, 58, 59, 60, 61, 62, 63, 64]
Task: AP, Iter:28/420; Accuracy = 75.74%

thresh: 22.0
cls_count [74. 85. 65. 45. 42. 46. 52. 87. 83. 47. 87. 38. 22. 87. 79. 65. 65. 18.
 64. 48. 77. 81. 88. 26. 26.  0.  4. 24.  2.  1.  1.  3. 19.  2.  6. 18.
  3.  1. 15. 10.  1.  1. 15.  8. 21.  7.  5. 17. 33.  0.  3.  1.  3.  0.
  4. 21.  9. 14.  2.  2.  0.  1.  0. 10.  1.]
Accuracy = 75.74% -> 83.42%

26 [0, 1, 2, 3, 4, 5, 6, 7, 8, 9, 10, 11, 12, 13, 14, 15, 16, 18, 19, 20, 21, 22, 23, 24, 27, 48]
Task: AP, Iter:56/420; Accuracy = 83.53%

thresh: 14.0
cls_count [73. 83. 88. 43. 42. 50. 63. 83. 83. 48. 83. 43. 42. 92. 82. 86. 64. 11.
 66. 46. 65. 81. 90. 65. 35.  0.  1. 32.  1.  0.  2.  1.  8.  0.  2.  3.
  2.  0. 11.  4.  0.  1. 11.  4.  1.  1.  0. 14. 53.  0.  1.  1.  1.  0.
  2.  7.  4.  5.  1.  0.  0.  0.  0.  3.  1.]
Accuracy = 81.06% -> 83.64%

27 [0, 1, 2, 3, 4, 5, 6, 7, 8, 9, 10, 11, 12, 13, 14, 15, 16, 18, 19, 20, 21, 22, 23, 24, 27, 47, 48]
Task: AP, Iter:84/420; Accuracy = 83.70%

thresh: 15.0
cls_count [73. 83. 94. 44. 43. 49. 64. 85. 82. 51. 84. 48. 43. 93. 84. 84. 66.  6.
 66. 48. 56. 78. 90. 81. 37.  0.  0. 36.  1.  0.  1.  1.  4.  0.  1.  0.
  1.  0.  4.  2.  0.  1.  6.  1.  1.  0.  0. 15. 62.  0.  0.  0.  2.  0.
  0.  6.  1.  4.  0.  0.  0.  0.  0.  2.  1.]
Accuracy = 82.52% -> 83.81%

27 [0, 1, 2, 3, 4, 5, 6, 7, 8, 9, 10, 11, 12, 13, 14, 15, 16, 18, 19, 20, 21, 22, 23, 24, 27, 47, 48]
Task: AP, Iter:112/420; Accuracy = 83.75%

thresh: 15.0
cls_count [73. 83. 97. 45. 43. 53. 65. 82. 82. 52. 84. 54. 47. 91. 84. 84. 67.  4.
 66. 51. 58. 77. 92. 85. 38.  0.  0. 39.  0.  0.  1.  1.  3.  0.  0.  0.
  1.  0.  1.  2.  0.  1.  1.  0.  0.  0.  0. 15. 60.  0.  0.  0.  0.  0.
  0.  1.  0.  2.  0.  0.  0.  0.  0.  0.  0.]
Accuracy = 83.59% -> 84.09%

27 [0, 1, 2, 3, 4, 5, 6, 7, 8, 9, 10, 11, 12, 13, 14, 15, 16, 18, 19, 20, 21, 22, 23, 24, 27, 47, 48]
Task: AP, Iter:140/420; Accuracy = 83.75%

thresh: 15.0
cls_count [ 74.  84. 100.  44.  43.  54.  65.  82.  83.  51.  84.  54.  45.  92.
  83.  84.  66.   1.  66.  51.  60.  77.  91.  83.  39.   0.   0.  39.
   0.   0.   1.   1.   3.   0.   0.   0.   0.   0.   1.   1.   0.   1.
   1.   0.   0.   0.   0.  15.  64.   0.   0.   0.   0.   0.   0.   1.
   0.   1.   0.   0.   0.   0.   0.   0.   0.]
Accuracy = 83.53% -> 83.98%

27 [0, 1, 2, 3, 4, 5, 6, 7, 8, 9, 10, 11, 12, 13, 14, 15, 16, 18, 19, 20, 21, 22, 23, 24, 27, 47, 48]
Task: AP, Iter:168/420; Accuracy = 83.70%

thresh: 15.0
cls_count [ 73.  82. 100.  45.  43.  53.  65.  81.  84.  52.  84.  53.  49.  92.
  83.  83.  67.   1.  66.  52.  60.  78.  91.  83.  39.   0.   0.  41.
   0.   0.   0.   1.   1.   0.   0.   0.   0.   0.   0.   1.   0.   1.
   1.   0.   0.   0.   0.  15.  63.   0.   0.   0.   0.   0.   0.   1.
   0.   1.   0.   0.   0.   0.   0.   0.   0.]
Accuracy = 83.64% -> 84.03%

27 [0, 1, 2, 3, 4, 5, 6, 7, 8, 9, 10, 11, 12, 13, 14, 15, 16, 18, 19, 20, 21, 22, 23, 24, 27, 47, 48]
Task: AP, Iter:196/420; Accuracy = 84.09%

thresh: 15.0
cls_count [ 73.  84. 100.  44.  43.  53.  64.  82.  84.  52.  86.  54.  49.  92.
  83.  83.  67.   1.  66.  53.  60.  79.  91.  83.  40.   0.   0.  36.
   0.   0.   0.   1.   1.   0.   0.   0.   0.   0.   0.   0.   0.   1.
   1.   0.   0.   0.   0.  15.  63.   0.   0.   0.   0.   0.   0.   1.
   0.   0.   0.   0.   0.   0.   0.   0.   0.]
Accuracy = 84.03% -> 84.03%

27 [0, 1, 2, 3, 4, 5, 6, 7, 8, 9, 10, 11, 12, 13, 14, 15, 16, 18, 19, 20, 21, 22, 23, 24, 27, 47, 48]
Task: AP, Iter:224/420; Accuracy = 84.03%

thresh: 16.0
cls_count [74. 84. 99. 44. 43. 53. 65. 81. 84. 52. 86. 52. 48. 92. 83. 84. 67.  1.
 66. 53. 60. 79. 91. 83. 40.  0.  0. 36.  0.  0.  0.  1.  1.  0.  0.  0.
  0.  0.  0.  0.  0.  1.  1.  0.  0.  0.  0. 16. 64.  0.  0.  0.  0.  0.
  0.  1.  0.  0.  0.  0.  0.  0.  0.  0.  0.]
Accuracy = 83.98% -> 84.09%

27 [0, 1, 2, 3, 4, 5, 6, 7, 8, 9, 10, 11, 12, 13, 14, 15, 16, 18, 19, 20, 21, 22, 23, 24, 27, 47, 48]
Task: AP, Iter:252/420; Accuracy = 84.03%

thresh: 15.0
cls_count [74. 84. 99. 44. 43. 54. 65. 82. 84. 51. 86. 53. 49. 92. 83. 84. 67.  1.
 66. 53. 60. 79. 91. 83. 40.  0.  0. 36.  0.  0.  0.  1.  0.  0.  0.  0.
  0.  0.  0.  0.  0.  1.  1.  0.  0.  0.  0. 15. 63.  0.  0.  0.  0.  0.
  0.  1.  0.  0.  0.  0.  0.  0.  0.  0.  0.]
Accuracy = 84.03% -> 84.03%

27 [0, 1, 2, 3, 4, 5, 6, 7, 8, 9, 10, 11, 12, 13, 14, 15, 16, 18, 19, 20, 21, 22, 23, 24, 27, 47, 48]
Task: AP, Iter:280/420; Accuracy = 84.03%

thresh: 15.0
cls_count [74. 84. 99. 44. 43. 54. 65. 82. 84. 51. 86. 53. 49. 92. 83. 84. 67.  1.
 66. 53. 60. 79. 91. 83. 40.  0.  0. 36.  0.  0.  0.  1.  0.  0.  0.  0.
  0.  0.  0.  0.  0.  1.  1.  0.  0.  0.  0. 15. 63.  0.  0.  0.  0.  0.
  0.  1.  0.  0.  0.  0.  0.  0.  0.  0.  0.]
Accuracy = 84.03% -> 84.09%

27 [0, 1, 2, 3, 4, 5, 6, 7, 8, 9, 10, 11, 12, 13, 14, 15, 16, 18, 19, 20, 21, 22, 23, 24, 27, 47, 48]
Task: AP, Iter:308/420; Accuracy = 84.03%

thresh: 15.0
cls_count [74. 84. 98. 44. 43. 53. 65. 82. 85. 52. 86. 53. 49. 92. 83. 84. 67.  1.
 66. 53. 60. 79. 91. 83. 40.  0.  0. 36.  0.  0.  0.  1.  0.  0.  0.  0.
  0.  0.  0.  0.  0.  1.  1.  0.  0.  0.  0. 15. 63.  0.  0.  0.  0.  0.
  0.  1.  0.  0.  0.  0.  0.  0.  0.  0.  0.]
Accuracy = 84.03% -> 84.09%

27 [0, 1, 2, 3, 4, 5, 6, 7, 8, 9, 10, 11, 12, 13, 14, 15, 16, 18, 19, 20, 21, 22, 23, 24, 27, 47, 48]
Task: AP, Iter:336/420; Accuracy = 83.92%

thresh: 16.0
cls_count [74. 84. 98. 45. 43. 53. 65. 82. 85. 52. 86. 53. 49. 91. 83. 84. 67.  0.
 66. 53. 60. 79. 91. 84. 40.  0.  0. 36.  0.  0.  0.  1.  0.  0.  0.  0.
  0.  0.  0.  0.  0.  1.  0.  0.  0.  0.  0. 16. 63.  0.  0.  0.  0.  0.
  0.  1.  0.  0.  0.  0.  0.  0.  0.  0.  0.]
Accuracy = 83.87% -> 84.09%

27 [0, 1, 2, 3, 4, 5, 6, 7, 8, 9, 10, 11, 12, 13, 14, 15, 16, 18, 19, 20, 21, 22, 23, 24, 27, 47, 48]
Task: AP, Iter:364/420; Accuracy = 84.15%

thresh: 15.0
cls_count [75. 84. 98. 43. 43. 53. 65. 82. 85. 52. 86. 54. 48. 92. 83. 85. 67.  0.
 66. 53. 60. 79. 91. 84. 40.  0.  0. 36.  0.  0.  0.  1.  0.  0.  0.  0.
  0.  0.  0.  0.  0.  1.  0.  0.  0.  0.  0. 15. 63.  0.  0.  0.  0.  0.
  0.  1.  0.  0.  0.  0.  0.  0.  0.  0.  0.]
Accuracy = 84.09% -> 84.15%

27 [0, 1, 2, 3, 4, 5, 6, 7, 8, 9, 10, 11, 12, 13, 14, 15, 16, 18, 19, 20, 21, 22, 23, 24, 27, 47, 48]
Task: AP, Iter:392/420; Accuracy = 84.09%

thresh: 15.0
cls_count [74. 84. 99. 43. 43. 53. 65. 81. 85. 52. 86. 55. 49. 92. 83. 85. 67.  0.
 66. 53. 60. 79. 91. 84. 40.  0.  0. 36.  0.  0.  0.  0.  0.  0.  0.  0.
  0.  0.  0.  0.  0.  1.  0.  0.  0.  0.  0. 15. 64.  0.  0.  0.  0.  0.
  0.  0.  0.  0.  0.  0.  0.  0.  0.  0.  0.]
Accuracy = 84.09% -> 84.15%

27 [0, 1, 2, 3, 4, 5, 6, 7, 8, 9, 10, 11, 12, 13, 14, 15, 16, 18, 19, 20, 21, 22, 23, 24, 27, 47, 48]
Task: AP, Iter:420/420; Accuracy = 83.98%

Namespace(batch_size=64, bottleneck=256, class_num=65, classifier='bn', cls_par=0.3, da='pda', distance='cosine', dset='office-home', ent=True, ent_par=1.0, epsilon=1e-05, gent=True, gpu_id='1', interval=15, issave=False, layer='wn', lr=0.01, lr_decay1=0.1, lr_decay2=1.0, max_epoch=15, name='AR', net='resnet50', out_file=<_io.TextIOWrapper name='ckpt/target/pda/office-home/AR/log_par_0.3_thr0.txt' mode='w' encoding='UTF-8'>, output='ckpt/target', output_dir='ckpt/target/pda/office-home/AR', output_dir_src='ckpt/source/pda/office-home/A', output_src='ckpt/source', s=2, s_dset_path='./data/office-home/Art.txt', savename='par_0.3_thr0', seed=2020, src_classes=[0, 1, 2, 3, 4, 5, 6, 7, 8, 9, 10, 11, 12, 13, 14, 15, 16, 17, 18, 19, 20, 21, 22, 23, 24, 25, 26, 27, 28, 29, 30, 31, 32, 33, 34, 35, 36, 37, 38, 39, 40, 41, 42, 43, 44, 45, 46, 47, 48, 49, 50, 51, 52, 53, 54, 55, 56, 57, 58, 59, 60, 61, 62, 63, 64], t=1, t_dset_path='./data/office-home/RealWorld.txt', tar_classes=[0, 1, 2, 3, 4, 5, 6, 7, 8, 9, 10, 11, 12, 13, 14, 15, 16, 17, 18, 19, 20, 21, 22, 23, 24], test_dset_path='./data/office-home/RealWorld.txt', threshold=0, worker=4)
/opt/conda/lib/python3.7/site-packages/torchvision/models/_utils.py:209: UserWarning: The parameter 'pretrained' is deprecated since 0.13 and will be removed in 0.15, please use 'weights' instead.
  f"The parameter '{pretrained_param}' is deprecated since 0.13 and will be removed in 0.15, "
/opt/conda/lib/python3.7/site-packages/torchvision/models/_utils.py:223: UserWarning: Arguments other than a weight enum or `None` for 'weights' are deprecated since 0.13 and will be removed in 0.15. The current behavior is equivalent to passing `weights=ResNet50_Weights.IMAGENET1K_V1`. You can also use `weights=ResNet50_Weights.DEFAULT` to get the most up-to-date weights.
  warnings.warn(msg)
cls_count [ 74.  79.  63.  82. 100.  55.  62.  78.  69. 100.  77.  34.  38.  78.
  59.  31.  34.  28.  82.  52.  51.  59.  78.  34.  18.   3.  13.  14.
   0.   6.   9.  12.  25.   5.  12.   3.   4.   1.  12.   2.   3.   1.
   3.  13.   7.   7.   2.   8.  11.   1.   2.   8.  14.   4.   9.  28.
   6.   7.   0.  14.   3.   6.   3.  14.   1.]
Accuracy = 77.36% -> 74.93%

64 [0, 1, 2, 3, 4, 5, 6, 7, 8, 9, 10, 11, 12, 13, 14, 15, 16, 17, 18, 19, 20, 21, 22, 23, 24, 25, 26, 27, 28, 29, 30, 31, 32, 33, 34, 35, 36, 37, 38, 39, 40, 42, 43, 44, 45, 46, 47, 48, 49, 50, 51, 52, 53, 54, 55, 56, 57, 58, 59, 60, 61, 62, 63, 64]
Task: AR, Iter:29/435; Accuracy = 81.39%

thresh: 21.0
cls_count [70. 71. 63. 78. 98. 61. 71. 76. 68. 99. 85. 40. 42. 79. 74. 43. 34. 33.
 83. 55. 49. 67. 78. 30. 21.  1.  5. 28.  0.  4.  8.  9. 16.  3. 11.  1.
  2.  3.  9.  1.  2.  0. 10.  9.  5.  2.  5.  7. 13.  0.  4.  8. 12.  2.
 15. 23.  4.  9.  1.  5.  1.  0.  3.  2.  0.]
Accuracy = 81.39% -> 87.41%

27 [0, 1, 2, 3, 4, 5, 6, 7, 8, 9, 10, 11, 12, 13, 14, 15, 16, 17, 18, 19, 20, 21, 22, 23, 24, 27, 55]
Task: AR, Iter:58/435; Accuracy = 87.69%

thresh: 8.0
cls_count [73. 66. 65. 79. 98. 55. 70. 74. 68. 95. 89. 67. 53. 74. 74. 53. 35. 34.
 85. 56. 61. 81. 77. 37. 43.  1.  1. 36.  0.  3.  2.  4.  8.  0.  4.  1.
  1.  1.  2.  1.  2.  0.  6.  5.  1.  0.  1.  1.  5.  0.  1.  3.  8.  3.
  3. 33.  4.  2.  0.  2.  0.  0.  3.  1.  0.]
Accuracy = 85.48% -> 86.36%

29 [0, 1, 2, 3, 4, 5, 6, 7, 8, 9, 10, 11, 12, 13, 14, 15, 16, 17, 18, 19, 20, 21, 22, 23, 24, 27, 32, 52, 55]
Task: AR, Iter:87/435; Accuracy = 86.53%

thresh: 14.0
cls_count [73. 61. 65. 80. 98. 56. 78. 74. 68. 95. 88. 71. 52. 78. 73. 53. 35. 36.
 83. 56. 63. 81. 77. 37. 49.  1.  1. 43.  0.  2.  1.  2. 14.  0.  2.  1.
  1.  0.  0.  1.  1.  0.  1.  4.  1.  0.  1.  0.  3.  0.  1.  2. 10.  1.
  1. 29.  3.  1.  0.  1.  0.  0.  1.  1.  0.]
Accuracy = 85.86% -> 86.69%

28 [0, 1, 2, 3, 4, 5, 6, 7, 8, 9, 10, 11, 12, 13, 14, 15, 16, 17, 18, 19, 20, 21, 22, 23, 24, 27, 32, 55]
Task: AR, Iter:116/435; Accuracy = 86.64%

thresh: 15.0
cls_count [74. 57. 68. 82. 98. 54. 79. 74. 68. 96. 90. 73. 52. 74. 73. 53. 35. 39.
 84. 57. 63. 84. 77. 36. 49.  0.  1. 46.  0.  2.  1.  2. 15.  0.  2.  0.
  1.  0.  0.  1.  0.  0.  0.  2.  0.  0.  0.  0.  2.  0.  1.  2.  9.  1.
  0. 30.  3.  0.  0.  1.  0.  0.  0.  0.  0.]
Accuracy = 86.14% -> 86.58%

28 [0, 1, 2, 3, 4, 5, 6, 7, 8, 9, 10, 11, 12, 13, 14, 15, 16, 17, 18, 19, 20, 21, 22, 23, 24, 27, 32, 55]
Task: AR, Iter:145/435; Accuracy = 86.80%

thresh: 15.0
cls_count [76. 60. 68. 82. 98. 53. 79. 74. 68. 95. 92. 74. 50. 73. 74. 57. 35. 39.
 85. 56. 66. 84. 77. 37. 49.  0.  0. 44.  0.  1.  1.  0. 15.  0.  2.  0.
  1.  0.  0.  1.  0.  0.  0.  1.  0.  0.  0.  0.  1.  0.  1.  1.  8.  0.
  0. 30.  3.  0.  0.  0.  0.  0.  0.  0.  0.]
Accuracy = 86.64% -> 86.69%

28 [0, 1, 2, 3, 4, 5, 6, 7, 8, 9, 10, 11, 12, 13, 14, 15, 16, 17, 18, 19, 20, 21, 22, 23, 24, 27, 32, 55]
Task: AR, Iter:174/435; Accuracy = 86.53%

thresh: 16.0
cls_count [75. 57. 67. 83. 98. 54. 78. 74. 68. 95. 92. 71. 52. 73. 74. 57. 35. 39.
 85. 58. 65. 85. 77. 40. 49.  0.  0. 46.  0.  1.  1.  0. 16.  0.  0.  0.
  1.  0.  0.  1.  0.  0.  0.  1.  0.  0.  0.  0.  0.  0.  1.  1.  7.  0.
  0. 31.  3.  0.  0.  0.  0.  0.  0.  0.  0.]
Accuracy = 86.47% -> 86.69%

28 [0, 1, 2, 3, 4, 5, 6, 7, 8, 9, 10, 11, 12, 13, 14, 15, 16, 17, 18, 19, 20, 21, 22, 23, 24, 27, 32, 55]
Task: AR, Iter:203/435; Accuracy = 86.53%

thresh: 16.0
cls_count [75. 58. 68. 83. 98. 51. 76. 74. 68. 95. 91. 72. 50. 73. 74. 58. 36. 39.
 85. 60. 69. 83. 77. 40. 50.  0.  0. 45.  0.  1.  1.  0. 16.  0.  0.  0.
  0.  0.  0.  1.  0.  0.  0.  1.  0.  0.  0.  0.  0.  0.  1.  0.  5.  0.
  0. 35.  2.  0.  0.  0.  0.  0.  0.  0.  0.]
Accuracy = 86.47% -> 86.53%

28 [0, 1, 2, 3, 4, 5, 6, 7, 8, 9, 10, 11, 12, 13, 14, 15, 16, 17, 18, 19, 20, 21, 22, 23, 24, 27, 32, 55]
Task: AR, Iter:232/435; Accuracy = 86.53%

thresh: 16.0
cls_count [75. 58. 67. 83. 98. 53. 77. 74. 68. 95. 91. 72. 50. 73. 74. 59. 36. 40.
 85. 58. 69. 84. 77. 40. 51.  0.  0. 46.  0.  1.  1.  0. 16.  0.  0.  0.
  0.  0.  0.  1.  0.  0.  0.  1.  0.  0.  0.  0.  0.  0.  0.  0.  5.  0.
  0. 32.  1.  0.  0.  0.  0.  0.  0.  0.  0.]
Accuracy = 86.47% -> 86.75%

28 [0, 1, 2, 3, 4, 5, 6, 7, 8, 9, 10, 11, 12, 13, 14, 15, 16, 17, 18, 19, 20, 21, 22, 23, 24, 27, 32, 55]
Task: AR, Iter:261/435; Accuracy = 86.58%

thresh: 16.0
cls_count [75. 58. 67. 83. 98. 53. 77. 75. 68. 95. 90. 72. 50. 74. 74. 59. 36. 42.
 85. 59. 69. 83. 77. 40. 51.  0.  0. 45.  0.  0.  1.  0. 16.  0.  0.  0.
  0.  0.  0.  1.  0.  0.  0.  1.  0.  0.  0.  0.  0.  0.  0.  0.  5.  0.
  0. 32.  0.  0.  0.  0.  0.  0.  0.  0.  0.]
Accuracy = 86.53% -> 86.58%

28 [0, 1, 2, 3, 4, 5, 6, 7, 8, 9, 10, 11, 12, 13, 14, 15, 16, 17, 18, 19, 20, 21, 22, 23, 24, 27, 32, 55]
Task: AR, Iter:290/435; Accuracy = 86.64%

thresh: 16.0
cls_count [76. 58. 66. 84. 98. 53. 77. 75. 68. 95. 90. 72. 50. 74. 74. 59. 36. 43.
 85. 56. 71. 85. 77. 41. 51.  0.  0. 46.  0.  0.  0.  0. 16.  0.  0.  0.
  0.  0.  0.  1.  0.  0.  0.  1.  0.  0.  0.  0.  0.  0.  0.  0.  1.  0.
  0. 32.  0.  0.  0.  0.  0.  0.  0.  0.  0.]
Accuracy = 86.58% -> 86.69%

28 [0, 1, 2, 3, 4, 5, 6, 7, 8, 9, 10, 11, 12, 13, 14, 15, 16, 17, 18, 19, 20, 21, 22, 23, 24, 27, 32, 55]
Task: AR, Iter:319/435; Accuracy = 86.53%

thresh: 17.0
cls_count [75. 57. 66. 84. 98. 53. 77. 75. 68. 95. 90. 72. 51. 74. 74. 58. 36. 43.
 85. 58. 70. 86. 77. 42. 51.  0.  0. 45.  0.  0.  0.  0. 17.  0.  0.  0.
  0.  0.  0.  0.  0.  0.  0.  1.  0.  0.  0.  0.  0.  0.  0.  0.  1.  0.
  0. 32.  0.  0.  0.  0.  0.  0.  0.  0.  0.]
Accuracy = 86.47% -> 86.64%

28 [0, 1, 2, 3, 4, 5, 6, 7, 8, 9, 10, 11, 12, 13, 14, 15, 16, 17, 18, 19, 20, 21, 22, 23, 24, 27, 32, 55]
Task: AR, Iter:348/435; Accuracy = 86.36%

thresh: 17.0
cls_count [75. 57. 66. 86. 98. 53. 76. 75. 68. 95. 89. 72. 50. 74. 74. 58. 36. 43.
 85. 59. 71. 85. 77. 42. 51.  0.  0. 45.  0.  0.  0.  0. 17.  0.  0.  0.
  0.  0.  0.  0.  0.  0.  0.  1.  0.  0.  0.  0.  0.  0.  0.  0.  0.  0.
  0. 33.  0.  0.  0.  0.  0.  0.  0.  0.  0.]
Accuracy = 86.36% -> 86.42%

28 [0, 1, 2, 3, 4, 5, 6, 7, 8, 9, 10, 11, 12, 13, 14, 15, 16, 17, 18, 19, 20, 21, 22, 23, 24, 27, 32, 55]
Task: AR, Iter:377/435; Accuracy = 86.53%

thresh: 17.0
cls_count [75. 56. 66. 84. 98. 53. 76. 75. 68. 95. 90. 72. 50. 74. 74. 60. 36. 43.
 85. 59. 70. 85. 77. 42. 51.  0.  0. 46.  0.  0.  0.  0. 17.  0.  0.  0.
  0.  0.  0.  0.  0.  0.  0.  1.  0.  0.  0.  0.  0.  0.  0.  0.  0.  0.
  0. 33.  0.  0.  0.  0.  0.  0.  0.  0.  0.]
Accuracy = 86.53% -> 86.47%

28 [0, 1, 2, 3, 4, 5, 6, 7, 8, 9, 10, 11, 12, 13, 14, 15, 16, 17, 18, 19, 20, 21, 22, 23, 24, 27, 32, 55]
Task: AR, Iter:406/435; Accuracy = 86.64%

thresh: 17.0
cls_count [75. 59. 65. 83. 98. 53. 76. 75. 68. 95. 90. 72. 51. 74. 74. 59. 36. 43.
 85. 60. 71. 85. 77. 42. 51.  0.  0. 42.  0.  0.  0.  0. 17.  0.  0.  0.
  0.  0.  0.  0.  0.  0.  0.  1.  0.  0.  0.  0.  0.  0.  0.  0.  0.  0.
  0. 34.  0.  0.  0.  0.  0.  0.  0.  0.  0.]
Accuracy = 86.64% -> 86.47%

28 [0, 1, 2, 3, 4, 5, 6, 7, 8, 9, 10, 11, 12, 13, 14, 15, 16, 17, 18, 19, 20, 21, 22, 23, 24, 27, 32, 55]
Task: AR, Iter:435/435; Accuracy = 86.69%

Namespace(batch_size=64, bottleneck=256, class_num=65, classifier='bn', cls_par=0.3, da='pda', distance='cosine', dset='office-home', ent=True, ent_par=1.0, epsilon=1e-05, gent=True, gpu_id='1', interval=15, issave=False, layer='wn', lr=0.01, lr_decay1=0.1, lr_decay2=1.0, max_epoch=15, name='AC', net='resnet50', out_file=<_io.TextIOWrapper name='ckpt/target/pda/office-home/AC/log_par_0.3_thr0.txt' mode='w' encoding='UTF-8'>, output='ckpt/target', output_dir='ckpt/target/pda/office-home/AC', output_dir_src='ckpt/source/pda/office-home/A', output_src='ckpt/source', s=2, s_dset_path='./data/office-home/Art.txt', savename='par_0.3_thr0', seed=2020, src_classes=[0, 1, 2, 3, 4, 5, 6, 7, 8, 9, 10, 11, 12, 13, 14, 15, 16, 17, 18, 19, 20, 21, 22, 23, 24, 25, 26, 27, 28, 29, 30, 31, 32, 33, 34, 35, 36, 37, 38, 39, 40, 41, 42, 43, 44, 45, 46, 47, 48, 49, 50, 51, 52, 53, 54, 55, 56, 57, 58, 59, 60, 61, 62, 63, 64], t=3, t_dset_path='./data/office-home/Clipart.txt', tar_classes=[0, 1, 2, 3, 4, 5, 6, 7, 8, 9, 10, 11, 12, 13, 14, 15, 16, 17, 18, 19, 20, 21, 22, 23, 24], test_dset_path='./data/office-home/Clipart.txt', threshold=0, worker=4)
/opt/conda/lib/python3.7/site-packages/torchvision/models/_utils.py:209: UserWarning: The parameter 'pretrained' is deprecated since 0.13 and will be removed in 0.15, please use 'weights' instead.
  f"The parameter '{pretrained_param}' is deprecated since 0.13 and will be removed in 0.15, "
/opt/conda/lib/python3.7/site-packages/torchvision/models/_utils.py:223: UserWarning: Arguments other than a weight enum or `None` for 'weights' are deprecated since 0.13 and will be removed in 0.15. The current behavior is equivalent to passing `weights=ResNet50_Weights.IMAGENET1K_V1`. You can also use `weights=ResNet50_Weights.DEFAULT` to get the most up-to-date weights.
  warnings.warn(msg)
cls_count [ 51.  10.  46.  22.  92.  21.  31.  54.  55.  42.  48.  46.  45.  51.
  38.   8.  18.  24.  97.  53.  44.  29.  65. 121.  27.  19.  34.   5.
   3.   1.   3.  41.  54.   0.  14.  11.  16.   3.  10.   1.  19.  29.
   1.   9.  10.  46.   8.   1.   3.   4.   8.  10.   7.   3.   3.  31.
   3.   4.   3.  49.   1.  27.   1.  41.   1.]
Accuracy = 46.63% -> 48.36%

65 [0, 1, 2, 3, 4, 5, 6, 7, 8, 9, 10, 11, 12, 13, 14, 15, 16, 17, 18, 19, 20, 21, 22, 23, 24, 25, 26, 27, 28, 29, 30, 31, 32, 33, 34, 35, 36, 37, 38, 39, 40, 41, 42, 43, 44, 45, 46, 47, 48, 49, 50, 51, 52, 53, 54, 55, 56, 57, 58, 59, 60, 61, 62, 63, 64]
Task: AC, Iter:27/405; Accuracy = 55.46%

thresh: 23.0
cls_count [64. 39. 42. 38. 96. 52. 42. 51. 62. 60. 78. 49. 35. 75. 39.  5. 27. 10.
 86. 56. 49. 44. 82. 12. 23. 15. 20.  4.  4.  0.  9. 40. 26.  0. 40.  3.
 14.  3. 44.  2. 15.  4.  1. 14.  8. 46.  8.  1.  3.  2.  4. 18. 13.  3.
  3. 16.  4.  9.  2.  9.  3. 10.  1. 38.  0.]
Accuracy = 55.46% -> 59.58%

28 [0, 1, 2, 3, 4, 5, 6, 7, 8, 9, 10, 11, 12, 13, 14, 16, 18, 19, 20, 21, 22, 24, 31, 32, 34, 38, 45, 63]
Task: AC, Iter:54/405; Accuracy = 61.01%

thresh: 12.0
cls_count [66. 52. 56. 41. 93. 62. 41. 47. 64. 67. 85. 50. 31. 76. 41.  3. 32.  4.
 92. 59. 54. 45. 85.  4. 56. 12.  6.  4.  2.  0.  3. 47. 32.  0. 40.  3.
 11.  2. 54.  1.  7.  2.  1.  8.  4. 45.  5.  0.  2.  1.  4.  7. 10.  3.
  0.  4.  4.  2.  0.  1.  0.  1.  1. 40.  0.]
Accuracy = 59.64% -> 60.66%

29 [0, 1, 2, 3, 4, 5, 6, 7, 8, 9, 10, 11, 12, 13, 14, 16, 18, 19, 20, 21, 22, 24, 25, 31, 32, 34, 38, 45, 63]
Task: AC, Iter:81/405; Accuracy = 60.96%

thresh: 14.0
cls_count [64. 52. 58. 48. 93. 64. 42. 48. 65. 71. 89. 53. 34. 80. 41.  2. 35.  0.
 96. 60. 56. 51. 86.  1. 72. 14.  2.  2.  0.  0.  2. 48. 31.  0. 37.  0.
  2.  1. 55.  1.  2.  1.  0.  6.  0. 46.  2.  0.  2.  1.  2.  1.  3.  0.
  1.  2.  3.  2.  0.  1.  0.  0.  1. 43.  0.]
Accuracy = 60.78% -> 60.42%

29 [0, 1, 2, 3, 4, 5, 6, 7, 8, 9, 10, 11, 12, 13, 14, 16, 18, 19, 20, 21, 22, 24, 25, 31, 32, 34, 38, 45, 63]
Task: AC, Iter:108/405; Accuracy = 60.84%

thresh: 17.0
cls_count [64. 54. 63. 51. 92. 62. 42. 47. 65. 68. 89. 57. 33. 80. 40.  2. 36.  0.
 94. 64. 58. 53. 87.  0. 72. 17.  2.  1.  0.  0.  0. 48. 31.  0. 37.  0.
  0.  1. 57.  1.  1.  1.  0.  2.  0. 46.  2.  0.  1.  0.  2.  1.  1.  0.
  0.  2.  1.  0.  0.  1.  0.  0.  0. 46.  0.]
Accuracy = 60.72% -> 60.54%

29 [0, 1, 2, 3, 4, 5, 6, 7, 8, 9, 10, 11, 12, 13, 14, 16, 18, 19, 20, 21, 22, 24, 25, 31, 32, 34, 38, 45, 63]
Task: AC, Iter:135/405; Accuracy = 61.01%

thresh: 16.0
cls_count [63. 54. 65. 52. 93. 64. 41. 47. 65. 68. 89. 58. 34. 80. 40.  2. 39.  0.
 93. 63. 58. 53. 86.  0. 75. 16.  0.  1.  0.  0.  0. 51. 31.  0. 36.  0.
  0.  1. 55.  1.  2.  1.  0.  1.  0. 46.  2.  0.  1.  0.  2.  0.  1.  0.
  0.  1.  0.  0.  0.  1.  0.  0.  0. 43.  0.]
Accuracy = 61.13% -> 60.66%

29 [0, 1, 2, 3, 4, 5, 6, 7, 8, 9, 10, 11, 12, 13, 14, 16, 18, 19, 20, 21, 22, 24, 25, 31, 32, 34, 38, 45, 63]
Task: AC, Iter:162/405; Accuracy = 61.01%

thresh: 17.0
cls_count [63. 54. 62. 51. 93. 66. 40. 47. 65. 69. 89. 57. 33. 80. 40.  3. 41.  0.
 91. 66. 61. 54. 86.  0. 73. 17.  0.  0.  0.  0.  0. 49. 31.  0. 35.  0.
  0.  1. 56.  1.  0.  1.  0.  1.  0. 47.  0.  0.  1.  0.  2.  0.  1.  0.
  0.  1.  0.  0.  0.  1.  0.  0.  0. 46.  0.]
Accuracy = 61.19% -> 60.60%

29 [0, 1, 2, 3, 4, 5, 6, 7, 8, 9, 10, 11, 12, 13, 14, 16, 18, 19, 20, 21, 22, 24, 25, 31, 32, 34, 38, 45, 63]
Task: AC, Iter:189/405; Accuracy = 60.54%

thresh: 17.0
cls_count [64. 55. 63. 50. 93. 64. 41. 47. 65. 69. 88. 56. 32. 79. 40.  2. 42.  0.
 92. 65. 62. 54. 86.  0. 72. 17.  0.  0.  0.  0.  0. 50. 32.  0. 37.  0.
  0.  1. 57.  1.  1.  1.  0.  1.  0. 47.  0.  0.  0.  0.  1.  0.  1.  0.
  0.  0.  0.  0.  0.  1.  0.  0.  0. 46.  0.]
Accuracy = 60.60% -> 60.54%

29 [0, 1, 2, 3, 4, 5, 6, 7, 8, 9, 10, 11, 12, 13, 14, 16, 18, 19, 20, 21, 22, 24, 25, 31, 32, 34, 38, 45, 63]
Task: AC, Iter:216/405; Accuracy = 60.60%

thresh: 17.0
cls_count [64. 55. 63. 51. 93. 64. 41. 47. 65. 69. 87. 56. 32. 80. 40.  1. 42.  0.
 92. 66. 61. 54. 85.  0. 72. 17.  0.  0.  0.  0.  0. 52. 32.  0. 38.  0.
  0.  1. 56.  1.  0.  1.  0.  1.  0. 46.  0.  0.  0.  0.  1.  0.  1.  0.
  0.  0.  0.  0.  0.  1.  0.  0.  0. 47.  0.]
Accuracy = 60.60% -> 60.48%

29 [0, 1, 2, 3, 4, 5, 6, 7, 8, 9, 10, 11, 12, 13, 14, 16, 18, 19, 20, 21, 22, 24, 25, 31, 32, 34, 38, 45, 63]
Task: AC, Iter:243/405; Accuracy = 60.60%

thresh: 16.0
cls_count [64. 55. 63. 53. 93. 63. 41. 47. 65. 69. 88. 58. 32. 80. 40.  1. 42.  0.
 92. 65. 62. 54. 86.  0. 71. 16.  0.  0.  0.  0.  0. 51. 31.  0. 37.  0.
  0.  1. 55.  0.  0.  1.  0.  1.  0. 48.  0.  0.  0.  0.  1.  0.  1.  0.
  0.  0.  0.  0.  0.  1.  0.  0.  0. 47.  0.]
Accuracy = 60.66% -> 60.48%

29 [0, 1, 2, 3, 4, 5, 6, 7, 8, 9, 10, 11, 12, 13, 14, 16, 18, 19, 20, 21, 22, 24, 25, 31, 32, 34, 38, 45, 63]
Task: AC, Iter:270/405; Accuracy = 60.60%

thresh: 18.0
cls_count [65. 55. 64. 51. 93. 63. 41. 47. 65. 68. 87. 57. 34. 80. 40.  0. 42.  0.
 91. 66. 62. 54. 85.  0. 73. 18.  0.  0.  0.  0.  0. 53. 30.  0. 35.  0.
  0.  1. 56.  0.  0.  1.  0.  0.  0. 50.  0.  0.  0.  0.  0.  0.  1.  0.
  0.  0.  0.  0.  0.  0.  0.  0.  0. 47.  0.]
Accuracy = 60.60% -> 60.42%

29 [0, 1, 2, 3, 4, 5, 6, 7, 8, 9, 10, 11, 12, 13, 14, 16, 18, 19, 20, 21, 22, 24, 25, 31, 32, 34, 38, 45, 63]
Task: AC, Iter:297/405; Accuracy = 60.48%

thresh: 18.0
cls_count [64. 55. 64. 53. 93. 63. 41. 47. 65. 69. 88. 57. 34. 78. 40.  0. 42.  0.
 92. 66. 62. 54. 85.  0. 72. 18.  0.  0.  0.  0.  0. 53. 30.  0. 35.  0.
  0.  1. 56.  0.  0.  1.  0.  0.  0. 49.  0.  0.  0.  0.  0.  0.  1.  0.
  0.  0.  0.  0.  0.  0.  0.  0.  0. 47.  0.]
Accuracy = 60.48% -> 60.30%

29 [0, 1, 2, 3, 4, 5, 6, 7, 8, 9, 10, 11, 12, 13, 14, 16, 18, 19, 20, 21, 22, 24, 25, 31, 32, 34, 38, 45, 63]
Task: AC, Iter:324/405; Accuracy = 60.42%

thresh: 18.0
cls_count [64. 55. 64. 53. 93. 63. 41. 47. 65. 69. 87. 57. 32. 79. 40.  0. 42.  0.
 92. 66. 62. 54. 85.  0. 72. 18.  0.  0.  0.  0.  0. 53. 30.  0. 37.  0.
  0.  1. 56.  0.  0.  1.  0.  0.  0. 49.  0.  0.  0.  0.  0.  0.  1.  0.
  0.  0.  0.  0.  0.  0.  0.  0.  0. 47.  0.]
Accuracy = 60.42% -> 60.42%

29 [0, 1, 2, 3, 4, 5, 6, 7, 8, 9, 10, 11, 12, 13, 14, 16, 18, 19, 20, 21, 22, 24, 25, 31, 32, 34, 38, 45, 63]
Task: AC, Iter:351/405; Accuracy = 60.48%

thresh: 18.0
cls_count [64. 55. 64. 54. 93. 63. 41. 47. 65. 69. 88. 57. 35. 78. 40.  0. 42.  0.
 92. 66. 61. 54. 85.  0. 71. 18.  0.  0.  0.  0.  0. 53. 31.  0. 35.  0.
  0.  0. 56.  0.  0.  1.  0.  0.  0. 48.  0.  0.  0.  0.  0.  0.  1.  0.
  0.  0.  0.  0.  0.  0.  0.  0.  0. 48.  0.]
Accuracy = 60.48% -> 60.36%

29 [0, 1, 2, 3, 4, 5, 6, 7, 8, 9, 10, 11, 12, 13, 14, 16, 18, 19, 20, 21, 22, 24, 25, 31, 32, 34, 38, 45, 63]
Task: AC, Iter:378/405; Accuracy = 60.30%

thresh: 19.0
cls_count [64. 55. 65. 53. 93. 63. 41. 47. 65. 69. 87. 57. 34. 78. 40.  0. 42.  0.
 92. 66. 61. 54. 84.  0. 71. 19.  0.  0.  0.  0.  0. 52. 31.  0. 35.  0.
  0.  0. 56.  0.  0.  1.  0.  0.  0. 51.  0.  0.  0.  0.  0.  0.  1.  0.
  0.  0.  0.  0.  0.  0.  0.  0.  0. 48.  0.]
Accuracy = 60.30% -> 60.36%

29 [0, 1, 2, 3, 4, 5, 6, 7, 8, 9, 10, 11, 12, 13, 14, 16, 18, 19, 20, 21, 22, 24, 25, 31, 32, 34, 38, 45, 63]
Task: AC, Iter:405/405; Accuracy = 60.48%

