feat_classifier_dy(
  (fc): Dy_Linear(in_features=256, out_features=65, bias=True)
)
/opt/conda/lib/python3.7/site-packages/torchvision/models/_utils.py:209: UserWarning: The parameter 'pretrained' is deprecated since 0.13 and will be removed in 0.15, please use 'weights' instead.
  f"The parameter '{pretrained_param}' is deprecated since 0.13 and will be removed in 0.15, "
/opt/conda/lib/python3.7/site-packages/torchvision/models/_utils.py:223: UserWarning: Arguments other than a weight enum or `None` for 'weights' are deprecated since 0.13 and will be removed in 0.15. The current behavior is equivalent to passing `weights=ResNet50_Weights.IMAGENET1K_V1`. You can also use `weights=ResNet50_Weights.DEFAULT` to get the most up-to-date weights.
  warnings.warn(msg)
cls_count [ 74.  79.  63.  82. 100.  55.  62.  78.  69. 100.  77.  34.  38.  78.
  59.  31.  34.  28.  82.  52.  51.  59.  78.  34.  18.   3.  13.  14.
   0.   6.   9.  12.  25.   5.  12.   3.   4.   1.  12.   2.   3.   1.
   3.  13.   7.   7.   2.   8.  11.   1.   2.   8.  14.   4.   9.  28.
   6.   7.   0.  14.   3.   6.   3.  14.   1.]
Accuracy = 77.36% -> 80.45%

37
Task: AR, Iter:29/435; Accuracy = 88.24%

cls_count [ 81.  88.  63.  90.  98.  73.  83.  74.  68. 100.  84.  63.  48.  77.
  72.  51.  33.  30.  92.  58.  62.  81.  77.  28.  42.   1.  12.  12.
   0.   2.   2.   5.  12.   0.   3.   0.   0.   0.   5.   1.   2.   0.
   0.  10.   0.   0.   0.   0.   5.   0.   1.   1.   8.   0.   0.   6.
   3.   1.   0.   2.   0.   0.   0.   1.   0.]
Accuracy = 88.02% -> 89.12%

28
Task: AR, Iter:58/435; Accuracy = 90.56%

cls_count [ 82.  88.  69.  90.  98.  78.  83.  75.  68. 100.  93.  70.  52.  72.
  75.  57.  34.  31.  89.  58.  65.  82.  76.  28.  38.   1.  14.  11.
   0.   1.   1.   2.  12.   0.   1.   0.   0.   0.   0.   1.   0.   0.
   0.   5.   0.   0.   0.   0.   3.   0.   0.   0.   5.   0.   0.   2.
   1.   0.   0.   0.   0.   0.   0.   0.   0.]
Accuracy = 89.95% -> 89.73%

28
Task: AR, Iter:87/435; Accuracy = 90.78%

cls_count [ 85.  88.  68.  90.  98.  79.  83.  76.  68. 100.  90.  73.  50.  75.
  74.  57.  35.  32.  88.  58.  67.  83.  76.  29.  38.   0.  15.  10.
   0.   0.   0.   2.  13.   0.   1.   0.   0.   0.   0.   1.   0.   0.
   0.   2.   0.   0.   0.   0.   2.   0.   0.   0.   3.   0.   0.   1.
   1.   0.   0.   0.   0.   0.   0.   0.   0.]
Accuracy = 90.45% -> 90.89%

27
Task: AR, Iter:116/435; Accuracy = 91.11%

cls_count [ 85.  88.  68.  89.  98.  78.  84.  76.  68. 100.  90.  74.  51.  75.
  74.  58.  35.  33.  88.  58.  70.  83.  76.  29.  38.   0.  14.  10.
   0.   0.   0.   1.  13.   0.   0.   0.   0.   0.   0.   1.   0.   0.
   0.   2.   0.   0.   0.   0.   1.   0.   0.   0.   2.   0.   0.   0.
   1.   0.   0.   0.   0.   0.   0.   0.   0.]
Accuracy = 90.72% -> 91.00%

27
Task: AR, Iter:145/435; Accuracy = 91.50%

cls_count [ 85.  91.  68.  89.  98.  78.  84.  76.  68. 100.  90.  74.  51.  75.
  74.  61.  35.  33.  87.  58.  70.  83.  76.  30.  38.   0.  14.   7.
   0.   0.   0.   0.  13.   0.   0.   0.   0.   0.   0.   0.   0.   0.
   0.   1.   0.   0.   0.   0.   1.   0.   0.   0.   2.   0.   0.   0.
   1.   0.   0.   0.   0.   0.   0.   0.   0.]
Accuracy = 91.11% -> 91.17%

27
Task: AR, Iter:174/435; Accuracy = 91.44%

cls_count [ 85.  92.  69.  89.  98.  78.  85.  75.  68. 100.  89.  74.  51.  75.
  74.  61.  35.  33.  87.  58.  71.  83.  76.  31.  38.   0.  14.   5.
   0.   0.   0.   0.  14.   0.   0.   0.   0.   0.   0.   0.   0.   0.
   0.   1.   0.   0.   0.   0.   0.   0.   0.   0.   2.   0.   0.   0.
   0.   0.   0.   0.   0.   0.   0.   0.   0.]
Accuracy = 91.22% -> 91.11%

27
Task: AR, Iter:203/435; Accuracy = 91.33%

cls_count [ 85.  93.  68.  88.  98.  78.  85.  76.  68. 100.  89.  76.  51.  75.
  74.  61.  35.  33.  87.  58.  71.  83.  76.  31.  38.   0.  14.   4.
   0.   0.   0.   0.  13.   0.   0.   0.   0.   0.   0.   0.   0.   0.
   0.   1.   0.   0.   0.   0.   0.   0.   0.   0.   2.   0.   0.   0.
   0.   0.   0.   0.   0.   0.   0.   0.   0.]
Accuracy = 91.17% -> 91.11%

27
Task: AR, Iter:232/435; Accuracy = 91.44%

cls_count [ 85.  95.  68.  89.  98.  78.  86.  76.  68. 100.  88.  75.  51.  75.
  74.  61.  35.  33.  87.  58.  71.  83.  76.  31.  38.   0.  14.   2.
   0.   0.   0.   0.  13.   0.   0.   0.   0.   0.   0.   0.   0.   0.
   0.   1.   0.   0.   0.   0.   0.   0.   0.   0.   2.   0.   0.   0.
   0.   0.   0.   0.   0.   0.   0.   0.   0.]
Accuracy = 91.33% -> 91.11%

27
Task: AR, Iter:261/435; Accuracy = 91.33%

cls_count [ 84.  95.  68.  89.  98.  78.  86.  75.  68. 100.  88.  75.  51.  75.
  74.  61.  35.  33.  88.  58.  72.  83.  76.  31.  38.   0.  14.   2.
   0.   0.   0.   0.  14.   0.   0.   0.   0.   0.   0.   0.   0.   0.
   0.   1.   0.   0.   0.   0.   0.   0.   0.   0.   1.   0.   0.   0.
   0.   0.   0.   0.   0.   0.   0.   0.   0.]
Accuracy = 91.28% -> 91.11%

27
Task: AR, Iter:290/435; Accuracy = 91.39%

cls_count [ 85.  95.  68.  88.  98.  78.  86.  75.  68. 100.  89.  76.  51.  75.
  74.  61.  35.  33.  87.  58.  70.  84.  76.  32.  38.   0.  14.   1.
   0.   0.   0.   0.  14.   0.   0.   0.   0.   0.   0.   0.   0.   0.
   0.   1.   0.   0.   0.   0.   0.   0.   0.   0.   1.   0.   0.   0.
   0.   0.   0.   0.   0.   0.   0.   0.   0.]
Accuracy = 91.28% -> 91.05%

27
Task: AR, Iter:319/435; Accuracy = 91.39%

cls_count [ 85.  95.  68.  89.  98.  78.  86.  75.  68. 100.  88.  75.  51.  75.
  74.  61.  35.  33.  87.  58.  72.  84.  76.  32.  38.   0.  14.   1.
   0.   0.   0.   0.  14.   0.   0.   0.   0.   0.   0.   0.   0.   0.
   0.   1.   0.   0.   0.   0.   0.   0.   0.   0.   0.   0.   0.   0.
   0.   0.   0.   0.   0.   0.   0.   0.   0.]
Accuracy = 91.33% -> 91.05%

27
Task: AR, Iter:348/435; Accuracy = 91.33%

cls_count [ 85.  95.  68.  88.  98.  78.  86.  75.  68. 100.  88.  76.  51.  75.
  74.  61.  35.  33.  87.  58.  72.  84.  76.  32.  38.   0.  14.   1.
   0.   0.   0.   0.  14.   0.   0.   0.   0.   0.   0.   0.   0.   0.
   0.   1.   0.   0.   0.   0.   0.   0.   0.   0.   0.   0.   0.   0.
   0.   0.   0.   0.   0.   0.   0.   0.   0.]
Accuracy = 91.28% -> 91.05%

27
Task: AR, Iter:377/435; Accuracy = 91.22%

cls_count [ 84.  95.  68.  88.  98.  78.  86.  75.  68. 100.  88.  76.  50.  75.
  74.  61.  35.  33.  88.  58.  72.  84.  76.  32.  38.   0.  14.   1.
   0.   0.   0.   0.  15.   0.   0.   0.   0.   0.   0.   0.   0.   0.
   0.   1.   0.   0.   0.   0.   0.   0.   0.   0.   0.   0.   0.   0.
   0.   0.   0.   0.   0.   0.   0.   0.   0.]
Accuracy = 91.17% -> 91.05%

27
Task: AR, Iter:406/435; Accuracy = 91.22%

cls_count [ 84.  95.  68.  88.  98.  78.  86.  75.  68. 100.  88.  76.  50.  75.
  74.  61.  35.  33.  88.  58.  72.  84.  76.  32.  38.   0.  14.   1.
   0.   0.   0.   0.  15.   0.   0.   0.   0.   0.   0.   0.   0.   0.
   0.   1.   0.   0.   0.   0.   0.   0.   0.   0.   0.   0.   0.   0.
   0.   0.   0.   0.   0.   0.   0.   0.   0.]
Accuracy = 91.17% -> 91.05%

27
Task: AR, Iter:435/435; Accuracy = 91.28%

feat_classifier_dy(
  (fc): Dy_Linear(in_features=256, out_features=65, bias=True)
)
cls_count [ 51.  10.  46.  22.  92.  21.  31.  54.  55.  42.  48.  46.  45.  51.
  38.   8.  18.  24.  97.  53.  44.  29.  65. 121.  27.  19.  34.   5.
   3.   1.   3.  41.  54.   0.  14.  11.  16.   3.  10.   1.  19.  29.
   1.   9.  10.  46.   8.   1.   3.   4.   8.  10.   7.   3.   3.  31.
   3.   4.   3.  49.   1.  27.   1.  41.   1.]
Accuracy = 46.63% -> 51.28%

37
Task: AC, Iter:27/405; Accuracy = 59.28%

cls_count [ 60.   5.  45.  41.  97.  63.  47.  49.  63.  84. 102. 105.  52.  98.
  39.   1.  21.   3. 100.  54.  52.  60.  92.   5.  51.  21.  29.   2.
   1.   0.   3.  40.  25.   0.  14.   1.  14.   2.   1.   2.  14.   3.
   0.   2.   1.  38.   2.   0.   2.   1.   2.   1.   2.   0.   2.  17.
   3.   0.   0.   1.   1.   2.   1.  36.   0.]
Accuracy = 59.22% -> 57.97%

31
Task: AC, Iter:54/405; Accuracy = 60.48%

cls_count [ 60.   1.  50.  33.  93.  68.  48.  48.  67.  92.  98. 121.  62. 101.
  39.   0.  25.   0.  98.  50.  53.  66.  95.   1.  55.  22.  28.   0.
   1.   0.   0.  44.  17.   0.   5.   0.  12.   1.   0.   1.  15.   1.
   0.   0.   0.  40.   2.   0.   0.   1.   1.   0.   1.   0.   1.  15.
   0.   0.   0.   1.   0.   1.   1.  40.   0.]
Accuracy = 60.36% -> 60.18%

30
Task: AC, Iter:81/405; Accuracy = 61.13%

cls_count [ 59.   1.  53.  32.  94.  71.  52.  47.  69.  89.  98. 110.  69. 104.
  38.   0.  27.   0. 100.  49.  51.  61.  98.   0.  53.  22.  31.   0.
   1.   0.   0.  44.  19.   0.   2.   0.  13.   0.   0.   1.  16.   1.
   0.   0.   0.  38.   0.   0.   0.   0.   2.   0.   1.   0.   0.  16.
   0.   0.   0.   1.   0.   1.   0.  41.   0.]
Accuracy = 61.19% -> 60.84%

30
Task: AC, Iter:108/405; Accuracy = 61.13%

cls_count [ 60.   1.  53.  32.  93.  72.  47.  48.  69.  92.  98. 115.  68. 104.
  38.   0.  28.   0. 100.  47.  52.  63.  97.   0.  54.  22.  30.   0.
   1.   0.   0.  45.  19.   0.   0.   0.  12.   0.   0.   1.  16.   1.
   0.   0.   0.  38.   0.   0.   0.   0.   0.   0.   1.   0.   0.  16.
   0.   0.   0.   0.   0.   0.   0.  42.   0.]
Accuracy = 61.19% -> 60.72%

30
Task: AC, Iter:135/405; Accuracy = 61.19%

cls_count [ 60.   1.  53.  32.  95.  73.  48.  48.  69.  89.  97. 116.  72. 104.
  38.   0.  27.   0.  96.  48.  50.  63.  96.   0.  53.  22.  32.   0.
   1.   0.   0.  44.  18.   0.   0.   0.  13.   0.   0.   1.  17.   1.
   0.   0.   0.  38.   0.   0.   0.   0.   0.   0.   0.   0.   0.  16.
   0.   0.   0.   0.   0.   0.   0.  44.   0.]
Accuracy = 61.25% -> 60.84%

30
Task: AC, Iter:162/405; Accuracy = 61.13%

cls_count [ 59.   1.  53.  32.  93.  73.  47.  48.  69.  90.  96. 115.  71. 103.
  38.   0.  27.   0.  99.  48.  51.  63.  98.   0.  53.  22.  30.   0.
   1.   0.   0.  44.  18.   0.   0.   0.  13.   0.   0.   1.  17.   1.
   0.   0.   0.  38.   0.   0.   0.   0.   1.   0.   0.   0.   0.  17.
   0.   0.   0.   0.   0.   0.   0.  45.   0.]
Accuracy = 61.19% -> 60.84%

30
Task: AC, Iter:189/405; Accuracy = 61.07%

cls_count [ 60.   1.  52.  32.  94.  72.  47.  48.  69.  89.  96. 116.  71. 103.
  38.   0.  28.   0.  98.  48.  51.  64.  97.   0.  54.  22.  32.   0.
   1.   0.   0.  44.  18.   0.   0.   0.  13.   0.   0.   1.  17.   1.
   0.   0.   0.  38.   0.   0.   0.   0.   0.   0.   0.   0.   0.  16.
   0.   0.   0.   0.   0.   0.   0.  44.   0.]
Accuracy = 61.13% -> 60.96%

30
Task: AC, Iter:216/405; Accuracy = 61.07%

cls_count [ 59.   0.  54.  32.  92.  72.  45.  48.  69.  89.  97. 115.  72. 103.
  38.   0.  28.   0.  98.  49.  51.  62.  98.   0.  53.  23.  32.   0.
   1.   0.   0.  45.  18.   0.   0.   0.  13.   0.   0.   0.  18.   0.
   0.   0.   0.  38.   0.   0.   0.   0.   0.   0.   0.   0.   0.  16.
   0.   0.   0.   0.   0.   0.   0.  47.   0.]
Accuracy = 61.07% -> 61.01%

30
Task: AC, Iter:243/405; Accuracy = 61.07%

cls_count [ 61.   0.  53.  32.  93.  72.  45.  48.  69.  89.  97. 115.  72. 104.
  38.   0.  27.   0.  99.  48.  51.  62.  99.   0.  53.  23.  32.   0.
   0.   0.   0.  44.  18.   0.   0.   0.  13.   0.   0.   0.  17.   0.
   0.   0.   0.  38.   0.   0.   0.   0.   0.   0.   0.   0.   0.  16.
   0.   0.   0.   0.   0.   0.   0.  47.   0.]
Accuracy = 61.07% -> 60.90%

30
Task: AC, Iter:270/405; Accuracy = 61.01%

cls_count [ 58.   0.  54.  32.  93.  73.  45.  48.  69.  89.  97. 115.  72. 103.
  38.   0.  29.   0.  98.  48.  51.  62.  97.   0.  53.  23.  32.   0.
   0.   0.   0.  45.  17.   0.   0.   0.  13.   0.   0.   0.  19.   0.
   0.   0.   0.  38.   0.   0.   0.   0.   0.   0.   0.   0.   0.  17.
   0.   0.   0.   0.   0.   0.   0.  47.   0.]
Accuracy = 61.01% -> 61.01%

30
Task: AC, Iter:297/405; Accuracy = 60.96%

cls_count [ 59.   0.  53.  32.  93.  73.  45.  48.  69.  89.  97. 110.  72. 103.
  38.   0.  29.   0.  98.  48.  51.  62.  97.   0.  53.  23.  32.   0.
   0.   0.   0.  45.  22.   0.   0.   0.  13.   0.   0.   0.  19.   0.
   0.   0.   0.  38.   0.   0.   0.   0.   0.   0.   0.   0.   0.  17.
   0.   0.   0.   0.   0.   0.   0.  47.   0.]
Accuracy = 60.96% -> 61.07%

30
Task: AC, Iter:324/405; Accuracy = 61.01%

cls_count [ 59.   0.  53.  32.  94.  73.  45.  48.  69.  89.  97. 110.  72. 103.
  38.   0.  28.   0.  98.  48.  51.  62.  98.   0.  53.  22.  32.   0.
   0.   0.   0.  45.  22.   0.   0.   0.  13.   0.   0.   0.  18.   0.
   0.   0.   0.  38.   0.   0.   0.   0.   0.   0.   0.   0.   0.  18.
   0.   0.   0.   0.   0.   0.   0.  47.   0.]
Accuracy = 61.01% -> 60.96%

30
Task: AC, Iter:351/405; Accuracy = 60.96%

cls_count [ 58.   0.  53.  32.  92.  73.  45.  48.  69.  89.  97. 111.  71. 103.
  38.   0.  30.   0.  98.  49.  51.  62.  96.   0.  53.  23.  32.   0.
   0.   0.   0.  45.  22.   0.   0.   0.  13.   0.   0.   0.  19.   0.
   0.   0.   0.  38.   0.   0.   0.   0.   0.   0.   0.   0.   0.  18.
   0.   0.   0.   0.   0.   0.   0.  47.   0.]
Accuracy = 60.96% -> 61.01%

30
Task: AC, Iter:378/405; Accuracy = 61.07%

cls_count [ 61.   0.  53.  32.  94.  73.  45.  48.  69.  89.  97. 110.  72. 103.
  38.   0.  30.   0.  98.  48.  51.  62.  96.   0.  53.  22.  32.   0.
   0.   0.   0.  45.  22.   0.   0.   0.  13.   0.   0.   0.  17.   0.
   0.   0.   0.  38.   0.   0.   0.   0.   0.   0.   0.   0.   0.  17.
   0.   0.   0.   0.   0.   0.   0.  47.   0.]
Accuracy = 61.07% -> 60.96%

30
Task: AC, Iter:405/405; Accuracy = 60.90%

feat_classifier_dy(
  (fc): Dy_Linear(in_features=256, out_features=65, bias=True)
)
cls_count [ 64.  74.  77.  39.  43.  28.  36.  94.  86.  36.  64.  36.  20. 107.
  52.  33.  66.  12.  65.  41.  96.  64.  87.  61.  21.   0.  23.  22.
   3.   1.   3.  10.  38.   5.   8.   8.  11.   0.  24.   2.   3.   2.
  10.   8.  11.  20.   5.   8.  18.   1.   5.   7.   3.   5.  11.  11.
   6.   7.   1.  15.   1.  26.   2.  33.   6.]
Accuracy = 66.89% -> 74.45%

38
Task: AP, Iter:28/420; Accuracy = 80.34%

cls_count [ 75.  86.  86.  36.  43.  48.  61.  89.  84.  48.  84.  54.  23. 102.
  83.  87.  65.  11.  64.  48. 113.  93.  92.  24.  41.   0.   2.  20.
   1.   0.   1.   1.  25.   0.   1.   0.   1.   0.  13.   0.   1.   1.
   0.   1.  21.  10.   0.   0.  24.   0.   0.   0.   3.   0.   3.   6.
   2.   0.   1.   2.   0.   1.   0.   4.   0.]
Accuracy = 80.11% -> 81.34%

30
Task: AP, Iter:56/420; Accuracy = 81.96%

cls_count [ 77.  89.  86.  38.  43.  53.  66.  85.  85.  47.  88.  62.  23.  96.
  84.  92.  65.  11.  64.  47. 120.  99.  95.  22.  40.   0.   0.  11.
   1.   0.   0.   1.  23.   0.   1.   0.   0.   0.  13.   0.   0.   1.
   0.   0.  23.   3.   0.   0.  26.   0.   0.   0.   0.   0.   0.   1.
   0.   0.   0.   2.   0.   0.   0.   2.   0.]
Accuracy = 81.68% -> 82.07%

30
Task: AP, Iter:84/420; Accuracy = 82.30%

cls_count [ 78.  88.  84.  38.  43.  55.  66.  84.  85.  47.  88.  61.  25.  96.
  84.  92.  65.  11.  65.  47. 118.  99.  95.  27.  40.   0.   0.  11.
   0.   0.   0.   1.  23.   0.   0.   0.   0.   0.  14.   0.   0.   0.
   0.   0.  26.   1.   0.   0.  26.   0.   0.   0.   0.   0.   0.   0.
   0.   0.   0.   0.   0.   0.   0.   2.   0.]
Accuracy = 82.24% -> 82.13%

30
Task: AP, Iter:112/420; Accuracy = 82.30%

cls_count [ 78.  89.  85.  39.  43.  55.  65.  84.  85.  47.  86.  60.  25.  95.
  84.  92.  66.  11.  65.  48. 120.  98.  95.  28.  40.   0.   0.  12.
   0.   0.   0.   1.  23.   0.   0.   0.   0.   0.  14.   0.   0.   0.
   0.   0.  25.   0.   0.   0.  25.   0.   0.   0.   0.   0.   0.   0.
   0.   0.   0.   0.   0.   0.   0.   2.   0.]
Accuracy = 82.24% -> 82.41%

30
Task: AP, Iter:140/420; Accuracy = 82.46%

cls_count [ 77.  89.  83.  40.  43.  56.  66.  84.  85.  47.  85.  61.  25.  94.
  84.  92.  66.  12.  66.  49. 119.  98.  95.  28.  40.   0.   0.  13.
   0.   0.   0.   0.  22.   0.   0.   0.   0.   0.  14.   0.   0.   0.
   0.   0.  28.   0.   0.   0.  24.   0.   0.   0.   0.   0.   0.   0.
   0.   0.   0.   0.   0.   0.   0.   0.   0.]
Accuracy = 82.46% -> 82.41%

30
Task: AP, Iter:168/420; Accuracy = 82.41%

cls_count [ 77.  89.  84.  40.  43.  56.  66.  83.  85.  47.  85.  61.  26.  94.
  84.  92.  65.  12.  66.  49. 119.  98.  95.  27.  40.   0.   0.  13.
   0.   0.   0.   0.  22.   0.   0.   0.   0.   0.  14.   0.   0.   0.
   0.   0.  29.   0.   0.   0.  24.   0.   0.   0.   0.   0.   0.   0.
   0.   0.   0.   0.   0.   0.   0.   0.   0.]
Accuracy = 82.41% -> 82.41%

30
Task: AP, Iter:196/420; Accuracy = 82.52%

cls_count [ 76.  89.  83.  39.  43.  56.  66.  83.  85.  48.  85.  61.  26.  95.
  84.  92.  66.  14.  66.  49. 119.  98.  95.  28.  40.   0.   0.  13.
   0.   0.   0.   0.  22.   0.   0.   0.   0.   0.  14.   0.   0.   0.
   0.   0.  26.   0.   0.   0.  24.   0.   0.   0.   0.   0.   0.   0.
   0.   0.   0.   0.   0.   0.   0.   0.   0.]
Accuracy = 82.52% -> 82.41%

30
Task: AP, Iter:224/420; Accuracy = 82.63%

cls_count [ 77.  89.  82.  40.  43.  56.  66.  83.  85.  47.  85.  59.  25.  94.
  84.  93.  67.  14.  66.  49. 118.  98.  95.  28.  40.   0.   0.  13.
   0.   0.   0.   0.  22.   0.   0.   0.   0.   0.  16.   0.   0.   0.
   0.   0.  26.   0.   0.   0.  25.   0.   0.   0.   0.   0.   0.   0.
   0.   0.   0.   0.   0.   0.   0.   0.   0.]
Accuracy = 82.63% -> 82.46%

30
Task: AP, Iter:252/420; Accuracy = 82.41%

cls_count [ 76.  89.  83.  40.  43.  56.  66.  83.  85.  48.  85.  59.  26.  94.
  84.  92.  66.  13.  66.  49. 119.  98.  95.  28.  40.   0.   0.  13.
   0.   0.   0.   0.  22.   0.   0.   0.   0.   0.  16.   0.   0.   0.
   0.   0.  27.   0.   0.   0.  24.   0.   0.   0.   0.   0.   0.   0.
   0.   0.   0.   0.   0.   0.   0.   0.   0.]
Accuracy = 82.41% -> 82.46%

30
Task: AP, Iter:280/420; Accuracy = 82.35%

cls_count [ 76.  89.  82.  39.  43.  56.  66.  83.  85.  48.  85.  59.  26.  95.
  84.  91.  67.  13.  66.  49. 119.  98.  95.  27.  40.   0.   0.  13.
   0.   0.   0.   0.  22.   0.   0.   0.   0.   0.  17.   0.   0.   0.
   0.   0.  28.   0.   0.   0.  24.   0.   0.   0.   0.   0.   0.   0.
   0.   0.   0.   0.   0.   0.   0.   0.   0.]
Accuracy = 82.35% -> 82.41%

30
Task: AP, Iter:308/420; Accuracy = 82.46%

cls_count [ 76.  89.  82.  39.  43.  56.  66.  83.  85.  48.  85.  59.  26.  95.
  84.  92.  67.  14.  66.  49. 118.  98.  95.  28.  40.   0.   0.  13.
   0.   0.   0.   0.  22.   0.   0.   0.   0.   0.  16.   0.   0.   0.
   0.   0.  26.   0.   0.   0.  25.   0.   0.   0.   0.   0.   0.   0.
   0.   0.   0.   0.   0.   0.   0.   0.   0.]
Accuracy = 82.46% -> 82.41%

30
Task: AP, Iter:336/420; Accuracy = 82.46%

cls_count [ 76.  89.  82.  40.  43.  56.  66.  83.  85.  48.  85.  59.  26.  94.
  84.  92.  67.  14.  66.  49. 118.  98.  95.  27.  40.   0.   0.  13.
   0.   0.   0.   0.  22.   0.   0.   0.   0.   0.  16.   0.   0.   0.
   0.   0.  27.   0.   0.   0.  25.   0.   0.   0.   0.   0.   0.   0.
   0.   0.   0.   0.   0.   0.   0.   0.   0.]
Accuracy = 82.46% -> 82.41%

30
Task: AP, Iter:364/420; Accuracy = 82.41%

cls_count [ 76.  89.  82.  39.  43.  56.  66.  83.  85.  48.  85.  59.  26.  95.
  84.  92.  67.  14.  66.  49. 118.  98.  95.  27.  40.   0.   0.  13.
   0.   0.   0.   0.  22.   0.   0.   0.   0.   0.  16.   0.   0.   0.
   0.   0.  27.   0.   0.   0.  25.   0.   0.   0.   0.   0.   0.   0.
   0.   0.   0.   0.   0.   0.   0.   0.   0.]
Accuracy = 82.41% -> 82.41%

30
Task: AP, Iter:392/420; Accuracy = 82.46%

cls_count [ 76.  89.  82.  40.  43.  56.  66.  83.  85.  48.  85.  59.  26.  94.
  84.  92.  67.  14.  66.  49. 118.  98.  95.  27.  40.   0.   0.  13.
   0.   0.   0.   0.  22.   0.   0.   0.   0.   0.  16.   0.   0.   0.
   0.   0.  27.   0.   0.   0.  25.   0.   0.   0.   0.   0.   0.   0.
   0.   0.   0.   0.   0.   0.   0.   0.   0.]
Accuracy = 82.46% -> 82.41%

30
Task: AP, Iter:420/420; Accuracy = 82.46%

