Namespace(batch_size=64, bottleneck=256, class_num=65, classifier='bn', cls_par=0.3, da='pda', distance='cosine', dset='office-home', ent=True, ent_par=1.0, epsilon=1e-05, gent=True, gpu_id='1', interval=15, issave=False, layer='wn', lr=0.01, lr_decay1=0.1, lr_decay2=1.0, max_epoch=15, name='CP', net='resnet50', out_file=<_io.TextIOWrapper name='ckpt/target/pda/office-home/CP/log_par_0.3_thr0.txt' mode='w' encoding='UTF-8'>, output='ckpt/target', output_dir='ckpt/target/pda/office-home/CP', output_dir_src='ckpt/source/pda/office-home/C', output_src='ckpt/source', s=3, s_dset_path='./data/office-home/Clipart.txt', savename='par_0.3_thr0', seed=2020, src_classes=[0, 1, 2, 3, 4, 5, 6, 7, 8, 9, 10, 11, 12, 13, 14, 15, 16, 17, 18, 19, 20, 21, 22, 23, 24, 25, 26, 27, 28, 29, 30, 31, 32, 33, 34, 35, 36, 37, 38, 39, 40, 41, 42, 43, 44, 45, 46, 47, 48, 49, 50, 51, 52, 53, 54, 55, 56, 57, 58, 59, 60, 61, 62, 63, 64], t=0, t_dset_path='./data/office-home/Product.txt', tar_classes=[0, 1, 2, 3, 4, 5, 6, 7, 8, 9, 10, 11, 12, 13, 14, 15, 16, 17, 18, 19, 20, 21, 22, 23, 24], test_dset_path='./data/office-home/Product.txt', threshold=0, worker=4)
/opt/conda/lib/python3.7/site-packages/torchvision/models/_utils.py:209: UserWarning: The parameter 'pretrained' is deprecated since 0.13 and will be removed in 0.15, please use 'weights' instead.
  f"The parameter '{pretrained_param}' is deprecated since 0.13 and will be removed in 0.15, "
/opt/conda/lib/python3.7/site-packages/torchvision/models/_utils.py:223: UserWarning: Arguments other than a weight enum or `None` for 'weights' are deprecated since 0.13 and will be removed in 0.15. The current behavior is equivalent to passing `weights=ResNet50_Weights.IMAGENET1K_V1`. You can also use `weights=ResNet50_Weights.DEFAULT` to get the most up-to-date weights.
  warnings.warn(msg)
cls_count [ 47.  65.  39.  34.  44.  58.  34.  68. 118.  15.  95.  32.  55. 111.
  43.  25.  63.   2.  52.  33.  64.  22.  95.  59.  31.   2.   4.  29.
   7.  16.   5.   1.  14.   3.  15.  14.  20.  20.  39.  22.   9.   4.
  27.  12.  24.   8.   4.  17.   6.   6.   1.   0.  17.   4.  21.  13.
  14.   4.   6.   9.  22.   0.  20.  15.   7.]
Accuracy = 59.27% -> 63.03%

65 [0, 1, 2, 3, 4, 5, 6, 7, 8, 9, 10, 11, 12, 13, 14, 15, 16, 17, 18, 19, 20, 21, 22, 23, 24, 25, 26, 27, 28, 29, 30, 31, 32, 33, 34, 35, 36, 37, 38, 39, 40, 41, 42, 43, 44, 45, 46, 47, 48, 49, 50, 51, 52, 53, 54, 55, 56, 57, 58, 59, 60, 61, 62, 63, 64]
Task: CP, Iter:28/420; Accuracy = 70.14%

thresh: 16.0
cls_count [69. 88. 47. 51. 43. 53. 41. 68. 84. 16. 83. 43. 84. 96. 72. 47. 64.  5.
 61. 29. 62.  6. 89. 40. 42.  1.  2. 32.  2.  5.  3.  1. 15.  2.  2. 24.
 57. 30. 14.  0.  8.  0. 21.  8. 22.  4.  2. 30.  1.  1.  0.  4. 10.  0.
 14.  2. 13.  0.  5.  2. 26.  1. 27.  8.  3.]
Accuracy = 70.14% -> 72.21%

32 [0, 1, 2, 3, 4, 5, 6, 7, 8, 9, 10, 11, 12, 13, 14, 15, 16, 18, 19, 20, 22, 23, 24, 27, 35, 36, 37, 42, 44, 47, 60, 62]
Task: CP, Iter:56/420; Accuracy = 72.61%

thresh: 19.0
cls_count [70. 84. 53. 53. 43. 57. 43. 63. 85. 18. 85. 50. 86. 91. 70. 42. 63.  1.
 62. 36. 60.  4. 88. 59. 41.  0.  0. 47.  1.  3.  0.  0. 13.  2.  0. 33.
 65. 35.  6.  0.  3.  0. 19.  2. 32.  2.  1. 33.  0.  1.  0.  0.  5.  0.
  2.  0.  6.  0.  3.  1. 30.  0. 29.  4.  0.]
Accuracy = 71.88% -> 70.98%

31 [0, 1, 2, 3, 4, 5, 6, 7, 8, 10, 11, 12, 13, 14, 15, 16, 18, 19, 20, 22, 23, 24, 27, 35, 36, 37, 42, 44, 47, 60, 62]
Task: CP, Iter:84/420; Accuracy = 71.76%

thresh: 19.0
cls_count [70. 85. 53. 54. 43. 56. 45. 64. 88. 14. 85. 50. 91. 90. 72. 38. 62.  0.
 62. 37. 60.  3. 87. 64. 41.  0.  0. 51.  0.  0.  0.  0.  8.  1.  0. 38.
 64. 40.  3.  0.  0.  0. 19.  2. 34.  0.  0. 34.  0.  1.  0.  0.  3.  0.
  0.  0.  2.  0.  1.  0. 34.  0. 35.  1.  0.]
Accuracy = 71.99% -> 71.43%

31 [0, 1, 2, 3, 4, 5, 6, 7, 8, 10, 11, 12, 13, 14, 15, 16, 18, 19, 20, 22, 23, 24, 27, 35, 36, 37, 42, 44, 47, 60, 62]
Task: CP, Iter:112/420; Accuracy = 71.65%

thresh: 19.0
cls_count [70. 87. 53. 51. 43. 56. 46. 64. 88.  7. 84. 52. 95. 89. 73. 40. 63.  0.
 61. 37. 60.  3. 87. 67. 41.  0.  0. 52.  0.  0.  0.  0.  5.  1.  0. 37.
 64. 46.  0.  0.  0.  0. 19.  0. 37.  0.  0. 34.  0.  0.  0.  0.  2.  0.
  0.  0.  2.  0.  0.  0. 37.  0. 32.  0.  0.]
Accuracy = 71.71% -> 71.54%

31 [0, 1, 2, 3, 4, 5, 6, 7, 8, 10, 11, 12, 13, 14, 15, 16, 18, 19, 20, 22, 23, 24, 27, 35, 36, 37, 42, 44, 47, 60, 62]
Task: CP, Iter:140/420; Accuracy = 71.32%

thresh: 19.0
cls_count [70. 85. 54. 51. 43. 57. 45. 64. 88.  5. 84. 52. 95. 89. 74. 41. 64.  0.
 62. 36. 60.  2. 84. 65. 42.  0.  0. 55.  0.  0.  0.  0.  4.  1.  0. 37.
 62. 49.  0.  0.  0.  0. 19.  0. 36.  0.  0. 35.  0.  0.  0.  0.  2.  0.
  0.  0.  2.  0.  0.  0. 37.  0. 34.  0.  0.]
Accuracy = 71.32% -> 71.37%

31 [0, 1, 2, 3, 4, 5, 6, 7, 8, 10, 11, 12, 13, 14, 15, 16, 18, 19, 20, 22, 23, 24, 27, 35, 36, 37, 42, 44, 47, 60, 62]
Task: CP, Iter:168/420; Accuracy = 71.32%

thresh: 19.0
cls_count [70. 85. 52. 52. 43. 56. 45. 64. 88.  4. 84. 52. 94. 89. 74. 40. 64.  0.
 62. 37. 60.  2. 83. 66. 42.  0.  0. 55.  0.  0.  0.  0.  4.  1.  0. 39.
 62. 49.  0.  0.  0.  0. 19.  0. 36.  0.  0. 35.  0.  0.  0.  0.  1.  0.
  0.  0.  2.  0.  0.  0. 38.  0. 36.  0.  0.]
Accuracy = 71.32% -> 71.26%

31 [0, 1, 2, 3, 4, 5, 6, 7, 8, 10, 11, 12, 13, 14, 15, 16, 18, 19, 20, 22, 23, 24, 27, 35, 36, 37, 42, 44, 47, 60, 62]
Task: CP, Iter:196/420; Accuracy = 71.20%

thresh: 19.0
cls_count [70. 84. 53. 53. 43. 56. 45. 64. 88.  3. 84. 53. 95. 88. 74. 40. 63.  0.
 61. 38. 60.  2. 83. 66. 42.  0.  0. 54.  0.  0.  0.  0.  3.  1.  0. 39.
 64. 50.  0.  0.  0.  0. 19.  0. 37.  0.  0. 35.  0.  0.  0.  0.  1.  0.
  0.  0.  1.  0.  0.  0. 38.  0. 35.  0.  0.]
Accuracy = 71.26% -> 71.32%

31 [0, 1, 2, 3, 4, 5, 6, 7, 8, 10, 11, 12, 13, 14, 15, 16, 18, 19, 20, 22, 23, 24, 27, 35, 36, 37, 42, 44, 47, 60, 62]
Task: CP, Iter:224/420; Accuracy = 71.32%

thresh: 19.0
cls_count [70. 84. 52. 52. 43. 56. 45. 64. 88.  3. 84. 53. 95. 89. 74. 39. 63.  0.
 61. 39. 60.  1. 83. 66. 43.  0.  0. 55.  0.  0.  0.  0.  3.  1.  0. 39.
 64. 50.  0.  0.  0.  0. 19.  0. 37.  0.  0. 35.  0.  0.  0.  0.  1.  0.
  0.  0.  1.  0.  0.  0. 38.  0. 35.  0.  0.]
Accuracy = 71.32% -> 71.26%

31 [0, 1, 2, 3, 4, 5, 6, 7, 8, 10, 11, 12, 13, 14, 15, 16, 18, 19, 20, 22, 23, 24, 27, 35, 36, 37, 42, 44, 47, 60, 62]
Task: CP, Iter:252/420; Accuracy = 71.37%

thresh: 19.0
cls_count [70. 83. 52. 53. 43. 57. 46. 65. 88.  2. 84. 53. 95. 88. 74. 40. 63.  0.
 61. 40. 60.  1. 85. 65. 43.  0.  0. 57.  0.  0.  0.  0.  3.  1.  0. 39.
 63. 49.  0.  0.  0.  0. 19.  0. 37.  0.  0. 35.  0.  0.  0.  0.  0.  0.
  0.  0.  0.  0.  0.  0. 37.  0. 34.  0.  0.]
Accuracy = 71.37% -> 71.26%

31 [0, 1, 2, 3, 4, 5, 6, 7, 8, 10, 11, 12, 13, 14, 15, 16, 18, 19, 20, 22, 23, 24, 27, 35, 36, 37, 42, 44, 47, 60, 62]
Task: CP, Iter:280/420; Accuracy = 71.26%

thresh: 19.0
cls_count [70. 83. 52. 53. 43. 56. 46. 64. 88.  3. 84. 53. 95. 88. 74. 39. 63.  0.
 61. 40. 60.  1. 83. 66. 43.  0.  0. 55.  0.  0.  0.  0.  3.  1.  0. 40.
 64. 50.  0.  0.  0.  0. 19.  0. 37.  0.  0. 35.  0.  0.  0.  0.  0.  0.
  0.  0.  0.  0.  0.  0. 38.  0. 35.  0.  0.]
Accuracy = 71.32% -> 71.20%

31 [0, 1, 2, 3, 4, 5, 6, 7, 8, 10, 11, 12, 13, 14, 15, 16, 18, 19, 20, 22, 23, 24, 27, 35, 36, 37, 42, 44, 47, 60, 62]
Task: CP, Iter:308/420; Accuracy = 71.37%

thresh: 19.0
cls_count [70. 82. 52. 52. 43. 57. 46. 64. 88.  1. 84. 53. 94. 88. 74. 40. 64.  0.
 61. 40. 61.  1. 84. 65. 43.  0.  0. 55.  0.  0.  0.  0.  3.  1.  0. 39.
 64. 51.  0.  0.  0.  0. 19.  0. 37.  0.  0. 35.  0.  0.  0.  0.  0.  0.
  0.  0.  0.  0.  0.  0. 39.  0. 35.  0.  0.]
Accuracy = 71.32% -> 71.15%

31 [0, 1, 2, 3, 4, 5, 6, 7, 8, 10, 11, 12, 13, 14, 15, 16, 18, 19, 20, 22, 23, 24, 27, 35, 36, 37, 42, 44, 47, 60, 62]
Task: CP, Iter:336/420; Accuracy = 71.32%

thresh: 20.0
cls_count [70. 82. 50. 51. 43. 57. 46. 64. 88.  1. 84. 52. 95. 88. 74. 41. 64.  0.
 61. 40. 61.  1. 84. 65. 43.  0.  0. 56.  0.  0.  0.  0.  2.  1.  0. 39.
 63. 51.  0.  0.  0.  0. 20.  0. 39.  0.  0. 35.  0.  0.  0.  0.  0.  0.
  0.  0.  0.  0.  0.  0. 39.  0. 35.  0.  0.]
Accuracy = 71.32% -> 71.20%

31 [0, 1, 2, 3, 4, 5, 6, 7, 8, 10, 11, 12, 13, 14, 15, 16, 18, 19, 20, 22, 23, 24, 27, 35, 36, 37, 42, 44, 47, 60, 62]
Task: CP, Iter:364/420; Accuracy = 71.26%

thresh: 20.0
cls_count [70. 82. 50. 52. 43. 57. 46. 64. 88.  0. 84. 52. 95. 88. 74. 41. 64.  0.
 61. 40. 60.  1. 84. 65. 43.  0.  0. 56.  0.  0.  0.  0.  2.  1.  0. 39.
 63. 52.  0.  0.  0.  0. 20.  0. 39.  0.  0. 35.  0.  0.  0.  0.  0.  0.
  0.  0.  0.  0.  0.  0. 39.  0. 35.  0.  0.]
Accuracy = 71.20% -> 71.26%

31 [0, 1, 2, 3, 4, 5, 6, 7, 8, 10, 11, 12, 13, 14, 15, 16, 18, 19, 20, 22, 23, 24, 27, 35, 36, 37, 42, 44, 47, 60, 62]
Task: CP, Iter:392/420; Accuracy = 71.20%

thresh: 21.0
cls_count [70. 82. 51. 51. 43. 57. 46. 64. 88.  1. 84. 52. 94. 88. 74. 40. 64.  0.
 61. 40. 61.  1. 84. 64. 43.  0.  0. 56.  0.  0.  0.  0.  2.  1.  0. 41.
 63. 51.  0.  0.  0.  0. 21.  0. 39.  0.  0. 35.  0.  0.  0.  0.  0.  0.
  0.  0.  0.  0.  0.  0. 39.  0. 34.  0.  0.]
Accuracy = 71.20% -> 71.26%

31 [0, 1, 2, 3, 4, 5, 6, 7, 8, 10, 11, 12, 13, 14, 15, 16, 18, 19, 20, 22, 23, 24, 27, 35, 36, 37, 42, 44, 47, 60, 62]
Task: CP, Iter:420/420; Accuracy = 71.26%

Namespace(batch_size=64, bottleneck=256, class_num=65, classifier='bn', cls_par=0.3, da='pda', distance='cosine', dset='office-home', ent=True, ent_par=1.0, epsilon=1e-05, gent=True, gpu_id='1', interval=15, issave=False, layer='wn', lr=0.01, lr_decay1=0.1, lr_decay2=1.0, max_epoch=15, name='CR', net='resnet50', out_file=<_io.TextIOWrapper name='ckpt/target/pda/office-home/CR/log_par_0.3_thr0.txt' mode='w' encoding='UTF-8'>, output='ckpt/target', output_dir='ckpt/target/pda/office-home/CR', output_dir_src='ckpt/source/pda/office-home/C', output_src='ckpt/source', s=3, s_dset_path='./data/office-home/Clipart.txt', savename='par_0.3_thr0', seed=2020, src_classes=[0, 1, 2, 3, 4, 5, 6, 7, 8, 9, 10, 11, 12, 13, 14, 15, 16, 17, 18, 19, 20, 21, 22, 23, 24, 25, 26, 27, 28, 29, 30, 31, 32, 33, 34, 35, 36, 37, 38, 39, 40, 41, 42, 43, 44, 45, 46, 47, 48, 49, 50, 51, 52, 53, 54, 55, 56, 57, 58, 59, 60, 61, 62, 63, 64], t=1, t_dset_path='./data/office-home/RealWorld.txt', tar_classes=[0, 1, 2, 3, 4, 5, 6, 7, 8, 9, 10, 11, 12, 13, 14, 15, 16, 17, 18, 19, 20, 21, 22, 23, 24], test_dset_path='./data/office-home/RealWorld.txt', threshold=0, worker=4)
/opt/conda/lib/python3.7/site-packages/torchvision/models/_utils.py:209: UserWarning: The parameter 'pretrained' is deprecated since 0.13 and will be removed in 0.15, please use 'weights' instead.
  f"The parameter '{pretrained_param}' is deprecated since 0.13 and will be removed in 0.15, "
/opt/conda/lib/python3.7/site-packages/torchvision/models/_utils.py:223: UserWarning: Arguments other than a weight enum or `None` for 'weights' are deprecated since 0.13 and will be removed in 0.15. The current behavior is equivalent to passing `weights=ResNet50_Weights.IMAGENET1K_V1`. You can also use `weights=ResNet50_Weights.DEFAULT` to get the most up-to-date weights.
  warnings.warn(msg)
cls_count [ 68.  65.  26.  71.  98.  68.  37.  60.  88.  87. 110.  16.  53.  61.
  44.  26.  35.  17.  67.  40.  44.  44.  96.  50.  24.   5.   3.  10.
   8.  33.   7.   6.  12.   4.  10.   9.   7.  14.  14.   6.   8.   3.
   8.  26.  13.   7.   4.  10.   6.   5.   8.   3.  30.   8.  16.  30.
   6.   3.   4.  26.  12.   3.  13.  15.   1.]
Accuracy = 66.48% -> 67.53%

65 [0, 1, 2, 3, 4, 5, 6, 7, 8, 9, 10, 11, 12, 13, 14, 15, 16, 17, 18, 19, 20, 21, 22, 23, 24, 25, 26, 27, 28, 29, 30, 31, 32, 33, 34, 35, 36, 37, 38, 39, 40, 41, 42, 43, 44, 45, 46, 47, 48, 49, 50, 51, 52, 53, 54, 55, 56, 57, 58, 59, 60, 61, 62, 63, 64]
Task: CR, Iter:29/435; Accuracy = 75.92%

thresh: 23.0
cls_count [64. 80. 33. 82. 98. 71. 63. 57. 74. 87. 93. 34. 43. 75. 68. 44. 35. 17.
 77. 49. 46. 59. 84. 48. 32.  2.  3. 13.  0. 23.  3.  5. 17.  2.  2.  2.
 27.  5.  6.  7.  6.  1. 11. 52.  7.  2.  1.  7. 13.  1.  4.  1. 11.  3.
  4. 14.  8.  3.  2. 22.  5.  0.  2.  0.  1.]
Accuracy = 75.92% -> 80.84%

27 [0, 1, 2, 3, 4, 5, 6, 7, 8, 9, 10, 11, 12, 13, 14, 15, 16, 18, 19, 20, 21, 22, 23, 24, 29, 36, 43]
Task: CR, Iter:58/435; Accuracy = 81.00%

thresh: 12.0
cls_count [72. 89. 40. 80. 98. 72. 73. 56. 74. 86. 90. 49. 41. 77. 69. 54. 36.  3.
 81. 51. 57. 59. 85. 52. 35.  1.  0.  4.  0. 35.  0.  3. 12.  0.  2.  0.
 39.  0.  3.  0.  2.  1.  3. 70.  4.  1.  1.  4.  4.  1.  3.  0.  8.  0.
  0. 10.  3.  2.  1.  9.  3.  0.  2.  0.  1.]
Accuracy = 78.91% -> 81.56%

28 [0, 1, 2, 3, 4, 5, 6, 7, 8, 9, 10, 11, 12, 13, 14, 15, 16, 18, 19, 20, 21, 22, 23, 24, 29, 32, 36, 43]
Task: CR, Iter:87/435; Accuracy = 81.34%

thresh: 17.0
cls_count [74. 88. 40. 88. 98. 78. 77. 54. 73. 82. 89. 55. 48. 81. 71. 60. 36.  1.
 81. 53. 61. 58. 84. 54. 36.  1.  0.  2.  0. 30.  0.  0. 17.  0.  1.  0.
 41.  0.  0.  0.  2.  0.  2. 72.  0.  1.  1.  4.  1.  0.  1.  0.  5.  0.
  0.  2.  2.  2.  0.  1.  1.  0.  2.  0.  0.]
Accuracy = 80.62% -> 81.34%

28 [0, 1, 2, 3, 4, 5, 6, 7, 8, 9, 10, 11, 12, 13, 14, 15, 16, 18, 19, 20, 21, 22, 23, 24, 29, 32, 36, 43]
Task: CR, Iter:116/435; Accuracy = 81.72%

thresh: 23.0
cls_count [77. 90. 44. 87. 98. 80. 77. 53. 71. 83. 90. 58. 48. 77. 73. 58. 36.  0.
 81. 54. 63. 61. 84. 53. 38.  0.  0.  1.  0. 26.  0.  0. 23.  0.  0.  0.
 44.  0.  0.  0.  1.  0.  2. 68.  0.  1.  1.  2.  0.  0.  1.  0.  3.  0.
  0.  0.  1.  2.  0.  0.  0.  0.  1.  0.  0.]
Accuracy = 81.39% -> 81.67%

28 [0, 1, 2, 3, 4, 5, 6, 7, 8, 9, 10, 11, 12, 13, 14, 15, 16, 18, 19, 20, 21, 22, 23, 24, 29, 32, 36, 43]
Task: CR, Iter:145/435; Accuracy = 81.78%

thresh: 3.0
cls_count [77. 91. 45. 89. 98. 78. 80. 52. 70. 83. 90. 58. 45. 74. 74. 58. 36.  0.
 82. 55. 63. 61. 84. 53. 41.  0.  0.  0.  0. 28.  0.  0. 25.  0.  0.  0.
 46.  0.  0.  0.  0.  0.  1. 66.  0.  1.  0.  2.  0.  0.  0.  0.  3.  0.
  0.  0.  0.  1.  0.  0.  0.  0.  1.  0.  0.]
Accuracy = 81.61% -> 81.50%

29 [0, 1, 2, 3, 4, 5, 6, 7, 8, 9, 10, 11, 12, 13, 14, 15, 16, 18, 19, 20, 21, 22, 23, 24, 29, 32, 36, 43, 52]
Task: CR, Iter:174/435; Accuracy = 81.61%

thresh: 3.0
cls_count [78. 89. 45. 90. 98. 79. 79. 52. 69. 84. 88. 59. 46. 74. 74. 58. 36.  0.
 82. 55. 62. 60. 84. 53. 41.  0.  0.  0.  0. 27.  0.  0. 25.  0.  0.  0.
 49.  0.  0.  0.  0.  0.  1. 67.  0.  1.  0.  1.  0.  0.  0.  0.  3.  0.
  0.  0.  0.  1.  0.  0.  0.  0.  1.  0.  0.]
Accuracy = 81.50% -> 81.50%

29 [0, 1, 2, 3, 4, 5, 6, 7, 8, 9, 10, 11, 12, 13, 14, 15, 16, 18, 19, 20, 21, 22, 23, 24, 29, 32, 36, 43, 52]
Task: CR, Iter:203/435; Accuracy = 81.78%

thresh: 5.0
cls_count [79. 91. 45. 85. 98. 79. 80. 52. 70. 83. 88. 59. 46. 75. 74. 59. 36.  0.
 82. 55. 63. 61. 83. 53. 40.  0.  0.  0.  0. 26.  0.  0. 26.  0.  0.  0.
 46.  0.  0.  0.  0.  0.  0. 68.  0.  1.  0.  1.  0.  0.  0.  0.  5.  0.
  0.  0.  0.  1.  0.  0.  0.  0.  1.  0.  0.]
Accuracy = 81.67% -> 81.67%

29 [0, 1, 2, 3, 4, 5, 6, 7, 8, 9, 10, 11, 12, 13, 14, 15, 16, 18, 19, 20, 21, 22, 23, 24, 29, 32, 36, 43, 52]
Task: CR, Iter:232/435; Accuracy = 81.72%

thresh: 6.0
cls_count [78. 90. 45. 86. 98. 79. 80. 52. 70. 83. 88. 60. 46. 75. 74. 59. 36.  0.
 82. 55. 62. 60. 83. 53. 40.  0.  0.  0.  0. 26.  0.  0. 26.  0.  0.  0.
 48.  0.  0.  0.  0.  0.  0. 68.  0.  0.  0.  1.  0.  0.  0.  0.  6.  0.
  0.  0.  0.  1.  0.  0.  0.  0.  1.  0.  0.]
Accuracy = 81.61% -> 81.61%

29 [0, 1, 2, 3, 4, 5, 6, 7, 8, 9, 10, 11, 12, 13, 14, 15, 16, 18, 19, 20, 21, 22, 23, 24, 29, 32, 36, 43, 52]
Task: CR, Iter:261/435; Accuracy = 81.56%

thresh: 7.0
cls_count [79. 91. 45. 84. 98. 78. 80. 52. 70. 83. 87. 60. 46. 75. 74. 58. 36.  0.
 82. 55. 62. 59. 83. 53. 41.  0.  0.  0.  0. 26.  0.  0. 27.  0.  0.  0.
 49.  0.  0.  0.  0.  0.  0. 68.  0.  0.  0.  1.  0.  0.  0.  0.  7.  0.
  0.  0.  0.  1.  0.  0.  0.  0.  1.  0.  0.]
Accuracy = 81.45% -> 81.67%

29 [0, 1, 2, 3, 4, 5, 6, 7, 8, 9, 10, 11, 12, 13, 14, 15, 16, 18, 19, 20, 21, 22, 23, 24, 29, 32, 36, 43, 52]
Task: CR, Iter:290/435; Accuracy = 81.67%

thresh: 7.0
cls_count [79. 89. 45. 84. 98. 79. 79. 52. 69. 84. 86. 61. 47. 76. 74. 58. 36.  0.
 81. 55. 63. 60. 83. 53. 42.  0.  0.  0.  0. 25.  0.  0. 28.  0.  0.  0.
 50.  0.  0.  0.  0.  0.  0. 67.  0.  0.  0.  0.  0.  0.  0.  0.  7.  0.
  0.  0.  0.  0.  0.  0.  0.  0.  1.  0.  0.]
Accuracy = 81.61% -> 81.56%

29 [0, 1, 2, 3, 4, 5, 6, 7, 8, 9, 10, 11, 12, 13, 14, 15, 16, 18, 19, 20, 21, 22, 23, 24, 29, 32, 36, 43, 52]
Task: CR, Iter:319/435; Accuracy = 81.50%

thresh: 8.0
cls_count [79. 90. 45. 84. 98. 78. 79. 52. 69. 84. 86. 60. 47. 76. 74. 57. 36.  0.
 82. 55. 62. 60. 83. 53. 42.  0.  0.  0.  0. 25.  0.  0. 28.  0.  0.  0.
 50.  0.  0.  0.  0.  0.  0. 68.  0.  0.  0.  0.  0.  0.  0.  0.  8.  0.
  0.  0.  0.  0.  0.  0.  0.  0.  1.  0.  0.]
Accuracy = 81.45% -> 81.56%

29 [0, 1, 2, 3, 4, 5, 6, 7, 8, 9, 10, 11, 12, 13, 14, 15, 16, 18, 19, 20, 21, 22, 23, 24, 29, 32, 36, 43, 52]
Task: CR, Iter:348/435; Accuracy = 81.61%

thresh: 8.0
cls_count [79. 91. 45. 84. 98. 78. 80. 52. 70. 83. 86. 59. 46. 76. 74. 57. 36.  0.
 82. 55. 63. 60. 83. 54. 42.  0.  0.  0.  0. 25.  0.  0. 28.  0.  0.  0.
 49.  0.  0.  0.  0.  0.  0. 67.  0.  0.  0.  0.  0.  0.  0.  0.  8.  0.
  0.  0.  0.  0.  0.  0.  0.  0.  1.  0.  0.]
Accuracy = 81.56% -> 81.56%

29 [0, 1, 2, 3, 4, 5, 6, 7, 8, 9, 10, 11, 12, 13, 14, 15, 16, 18, 19, 20, 21, 22, 23, 24, 29, 32, 36, 43, 52]
Task: CR, Iter:377/435; Accuracy = 81.39%

thresh: 10.0
cls_count [79. 90. 45. 81. 98. 78. 80. 52. 69. 83. 86. 60. 46. 77. 75. 57. 36.  0.
 82. 55. 63. 60. 83. 53. 42.  0.  0.  0.  0. 25.  0.  0. 28.  0.  0.  0.
 50.  0.  0.  0.  0.  0.  0. 67.  0.  0.  0.  0.  0.  0.  0.  0. 10.  0.
  0.  0.  0.  0.  0.  0.  0.  0.  1.  0.  0.]
Accuracy = 81.34% -> 81.45%

29 [0, 1, 2, 3, 4, 5, 6, 7, 8, 9, 10, 11, 12, 13, 14, 15, 16, 18, 19, 20, 21, 22, 23, 24, 29, 32, 36, 43, 52]
Task: CR, Iter:406/435; Accuracy = 81.39%

thresh: 10.0
cls_count [79. 89. 45. 82. 98. 79. 80. 52. 70. 83. 86. 60. 47. 76. 75. 57. 36.  0.
 82. 55. 62. 59. 83. 53. 42.  0.  0.  0.  0. 25.  0.  0. 28.  0.  0.  0.
 51.  0.  0.  0.  0.  0.  0. 66.  0.  0.  0.  0.  0.  0.  0.  0. 10.  0.
  0.  0.  0.  0.  0.  0.  0.  0.  1.  0.  0.]
Accuracy = 81.34% -> 81.39%

29 [0, 1, 2, 3, 4, 5, 6, 7, 8, 9, 10, 11, 12, 13, 14, 15, 16, 18, 19, 20, 21, 22, 23, 24, 29, 32, 36, 43, 52]
Task: CR, Iter:435/435; Accuracy = 81.50%

Namespace(batch_size=64, bottleneck=256, class_num=65, classifier='bn', cls_par=0.3, da='pda', distance='cosine', dset='office-home', ent=True, ent_par=1.0, epsilon=1e-05, gent=True, gpu_id='1', interval=15, issave=False, layer='wn', lr=0.01, lr_decay1=0.1, lr_decay2=1.0, max_epoch=15, name='CA', net='resnet50', out_file=<_io.TextIOWrapper name='ckpt/target/pda/office-home/CA/log_par_0.3_thr0.txt' mode='w' encoding='UTF-8'>, output='ckpt/target', output_dir='ckpt/target/pda/office-home/CA', output_dir_src='ckpt/source/pda/office-home/C', output_src='ckpt/source', s=3, s_dset_path='./data/office-home/Clipart.txt', savename='par_0.3_thr0', seed=2020, src_classes=[0, 1, 2, 3, 4, 5, 6, 7, 8, 9, 10, 11, 12, 13, 14, 15, 16, 17, 18, 19, 20, 21, 22, 23, 24, 25, 26, 27, 28, 29, 30, 31, 32, 33, 34, 35, 36, 37, 38, 39, 40, 41, 42, 43, 44, 45, 46, 47, 48, 49, 50, 51, 52, 53, 54, 55, 56, 57, 58, 59, 60, 61, 62, 63, 64], t=2, t_dset_path='./data/office-home/Art.txt', tar_classes=[0, 1, 2, 3, 4, 5, 6, 7, 8, 9, 10, 11, 12, 13, 14, 15, 16, 17, 18, 19, 20, 21, 22, 23, 24], test_dset_path='./data/office-home/Art.txt', threshold=0, worker=4)
/opt/conda/lib/python3.7/site-packages/torchvision/models/_utils.py:209: UserWarning: The parameter 'pretrained' is deprecated since 0.13 and will be removed in 0.15, please use 'weights' instead.
  f"The parameter '{pretrained_param}' is deprecated since 0.13 and will be removed in 0.15, "
/opt/conda/lib/python3.7/site-packages/torchvision/models/_utils.py:223: UserWarning: Arguments other than a weight enum or `None` for 'weights' are deprecated since 0.13 and will be removed in 0.15. The current behavior is equivalent to passing `weights=ResNet50_Weights.IMAGENET1K_V1`. You can also use `weights=ResNet50_Weights.DEFAULT` to get the most up-to-date weights.
  warnings.warn(msg)
cls_count [ 69.  13.  12.  70.  65.  53.  12.  13.  31.  87.  47.  12.  43.  23.
  33.   9.   9.   5.  11.  20.  17.  22. 104.   9.   9.   4.   2.   5.
   5.   8.   3.   6.   1.   4.   9.   7.   6.   2.   4.   7.  10.   0.
   5.  14.   4.   0.   1.   8.   0.   4.   5.   1.  18.  16.  14.  13.
   8.   7.   8.  14.  16.   3.  43.   5.   1.]
Accuracy = 55.56% -> 57.85%

65 [0, 1, 2, 3, 4, 5, 6, 7, 8, 9, 10, 11, 12, 13, 14, 15, 16, 17, 18, 19, 20, 21, 22, 23, 24, 25, 26, 27, 28, 29, 30, 31, 32, 33, 34, 35, 36, 37, 38, 39, 40, 41, 42, 43, 44, 45, 46, 47, 48, 49, 50, 51, 52, 53, 54, 55, 56, 57, 58, 59, 60, 61, 62, 63, 64]
Task: CA, Iter:18/270; Accuracy = 65.29%

thresh: 15.0
cls_count [68. 22. 15. 45. 73. 91. 20. 13. 28. 74. 47. 20. 68. 26. 34. 10. 11.  2.
 13. 32. 19. 28. 82.  4. 21.  2.  2.  4.  1.  9.  3.  8.  0.  1.  8.  9.
 12.  3.  3.  6.  8.  0.  5. 20.  1.  1.  0.  1.  1.  4.  1.  1.  0.  2.
 11.  2. 10.  4. 15.  9. 15.  0. 41.  0.  0.]
Accuracy = 65.29% -> 67.22%

23 [0, 1, 2, 3, 4, 5, 6, 8, 9, 10, 11, 12, 13, 14, 19, 20, 21, 22, 24, 43, 58, 60, 62]
Task: CA, Iter:36/270; Accuracy = 67.68%

thresh: 12.0
cls_count [66. 24. 22. 49. 75. 90. 28.  6. 30. 71. 46. 21. 67. 30. 35. 10.  7.  1.
 12. 35. 20. 35. 87.  1. 25.  1.  1.  2.  1.  5.  0.  5.  0.  1.  6.  3.
  7.  0.  2.  2.  2.  0.  2. 26.  1.  1.  0.  0.  0.  4.  0.  0.  0.  2.
  3.  1.  7.  2. 25.  4. 22.  0. 58.  0.  0.]
Accuracy = 68.23% -> 69.70%

24 [0, 1, 2, 3, 4, 5, 6, 8, 9, 10, 11, 12, 13, 14, 18, 19, 20, 21, 22, 24, 43, 58, 60, 62]
Task: CA, Iter:54/270; Accuracy = 69.15%

thresh: 13.0
cls_count [68. 30. 26. 53. 77. 90. 32.  0. 29. 69. 46. 23. 66. 29. 35.  9.  6.  1.
 13. 37. 21. 40. 86.  0. 30.  1.  0.  0.  0.  2.  0.  4.  0.  1.  5.  0.
  4.  0.  1.  1.  1.  0.  2. 25.  1.  0.  0.  0.  0.  2.  0.  0.  0.  1.
  1.  0.  1.  1. 24.  4. 29.  0. 62.  0.  0.]
Accuracy = 69.51% -> 69.88%

24 [0, 1, 2, 3, 4, 5, 6, 8, 9, 10, 11, 12, 13, 14, 18, 19, 20, 21, 22, 24, 43, 58, 60, 62]
Task: CA, Iter:72/270; Accuracy = 69.88%

thresh: 15.0
cls_count [68. 32. 33. 51. 77. 87. 34.  0. 28. 69. 44. 25. 68. 29. 37.  7.  6.  0.
 15. 37. 21. 42. 86.  1. 31.  1.  0.  0.  0.  1.  0.  3.  0.  1.  3.  0.
  3.  0.  1.  1.  1.  0.  0. 25.  0.  0.  0.  0.  0.  1.  0.  0.  0.  1.
  1.  0.  1.  0. 24.  3. 30.  0. 60.  0.  0.]
Accuracy = 70.16% -> 69.79%

24 [0, 1, 2, 3, 4, 5, 6, 8, 9, 10, 11, 12, 13, 14, 18, 19, 20, 21, 22, 24, 43, 58, 60, 62]
Task: CA, Iter:90/270; Accuracy = 69.88%

thresh: 16.0
cls_count [67. 32. 34. 50. 77. 88. 35.  0. 28. 69. 44. 26. 69. 29. 38.  4.  4.  0.
 16. 39. 21. 43. 86.  1. 32.  1.  0.  0.  0.  1.  0.  2.  0.  1.  3.  0.
  3.  0.  1.  0.  0.  0.  0. 26.  0.  0.  0.  0.  0.  1.  0.  0.  0.  0.
  0.  0.  0.  0. 27.  1. 30.  0. 60.  0.  0.]
Accuracy = 70.34% -> 69.88%

24 [0, 1, 2, 3, 4, 5, 6, 8, 9, 10, 11, 12, 13, 14, 18, 19, 20, 21, 22, 24, 43, 58, 60, 62]
Task: CA, Iter:108/270; Accuracy = 69.79%

thresh: 16.0
cls_count [67. 32. 34. 49. 76. 90. 35.  0. 28. 69. 47. 28. 67. 29. 38.  1.  4.  0.
 16. 39. 22. 43. 87.  0. 32.  1.  0.  0.  0.  1.  0.  1.  0.  0.  3.  0.
  3.  0.  0.  0.  0.  0.  0. 27.  0.  0.  0.  0.  0.  1.  0.  0.  0.  0.
  0.  0.  0.  0. 28.  1. 30.  0. 60.  0.  0.]
Accuracy = 69.97% -> 69.88%

24 [0, 1, 2, 3, 4, 5, 6, 8, 9, 10, 11, 12, 13, 14, 18, 19, 20, 21, 22, 24, 43, 58, 60, 62]
Task: CA, Iter:126/270; Accuracy = 69.70%

thresh: 16.0
cls_count [67. 32. 34. 49. 76. 90. 36.  0. 28. 69. 48. 29. 68. 29. 38.  0.  2.  0.
 16. 39. 21. 44. 87.  0. 31.  1.  0.  0.  0.  1.  0.  1.  0.  0.  2.  0.
  3.  0.  0.  0.  0.  0.  0. 27.  0.  0.  0.  0.  0.  1.  0.  0.  0.  0.
  0.  0.  0.  0. 30.  1. 30.  0. 59.  0.  0.]
Accuracy = 69.61% -> 69.88%

24 [0, 1, 2, 3, 4, 5, 6, 8, 9, 10, 11, 12, 13, 14, 18, 19, 20, 21, 22, 24, 43, 58, 60, 62]
Task: CA, Iter:144/270; Accuracy = 69.70%

thresh: 16.0
cls_count [67. 33. 34. 49. 76. 90. 36.  0. 27. 69. 48. 29. 67. 29. 38.  0.  2.  0.
 16. 39. 22. 44. 87.  0. 31.  1.  0.  0.  0.  1.  0.  1.  0.  0.  1.  0.
  2.  0.  0.  0.  0.  0.  0. 27.  0.  0.  0.  0.  0.  1.  0.  0.  0.  0.
  0.  0.  0.  0. 32.  0. 30.  0. 60.  0.  0.]
Accuracy = 69.61% -> 69.88%

24 [0, 1, 2, 3, 4, 5, 6, 8, 9, 10, 11, 12, 13, 14, 18, 19, 20, 21, 22, 24, 43, 58, 60, 62]
Task: CA, Iter:162/270; Accuracy = 69.70%

thresh: 16.0
cls_count [67. 33. 35. 48. 76. 90. 36.  0. 27. 69. 48. 29. 68. 29. 39.  0.  1.  0.
 16. 39. 22. 45. 87.  0. 31.  1.  0.  0.  0.  1.  0.  1.  0.  0.  0.  0.
  1.  0.  0.  0.  0.  0.  0. 27.  0.  0.  0.  0.  0.  0.  0.  0.  0.  0.
  0.  0.  0.  0. 33.  0. 30.  0. 60.  0.  0.]
Accuracy = 69.70% -> 69.88%

24 [0, 1, 2, 3, 4, 5, 6, 8, 9, 10, 11, 12, 13, 14, 18, 19, 20, 21, 22, 24, 43, 58, 60, 62]
Task: CA, Iter:180/270; Accuracy = 69.79%

thresh: 16.0
cls_count [67. 33. 35. 48. 77. 90. 36.  0. 27. 69. 48. 29. 68. 29. 39.  0.  1.  0.
 16. 39. 22. 46. 87.  0. 32.  0.  0.  0.  0.  1.  0.  1.  0.  0.  0.  0.
  0.  0.  0.  0.  0.  0.  0. 27.  0.  0.  0.  0.  0.  0.  0.  0.  0.  0.
  0.  0.  0.  0. 33.  0. 30.  0. 59.  0.  0.]
Accuracy = 69.88% -> 69.88%

24 [0, 1, 2, 3, 4, 5, 6, 8, 9, 10, 11, 12, 13, 14, 18, 19, 20, 21, 22, 24, 43, 58, 60, 62]
Task: CA, Iter:198/270; Accuracy = 69.88%

thresh: 16.0
cls_count [67. 33. 36. 48. 77. 90. 36.  0. 28. 69. 48. 29. 68. 29. 39.  0.  0.  0.
 16. 39. 22. 46. 87.  0. 32.  0.  0.  0.  0.  0.  0.  1.  0.  0.  0.  0.
  0.  0.  0.  0.  0.  0.  0. 27.  0.  0.  0.  0.  0.  0.  0.  0.  0.  0.
  0.  0.  0.  0. 32.  0. 31.  0. 59.  0.  0.]
Accuracy = 69.88% -> 69.88%

24 [0, 1, 2, 3, 4, 5, 6, 8, 9, 10, 11, 12, 13, 14, 18, 19, 20, 21, 22, 24, 43, 58, 60, 62]
Task: CA, Iter:216/270; Accuracy = 69.88%

thresh: 16.0
cls_count [67. 33. 36. 48. 77. 90. 36.  0. 28. 69. 48. 29. 68. 29. 39.  0.  0.  0.
 16. 39. 22. 46. 87.  0. 32.  0.  0.  0.  0.  0.  0.  1.  0.  0.  0.  0.
  0.  0.  0.  0.  0.  0.  0. 27.  0.  0.  0.  0.  0.  0.  0.  0.  0.  0.
  0.  0.  0.  0. 32.  0. 31.  0. 59.  0.  0.]
Accuracy = 69.88% -> 69.88%

24 [0, 1, 2, 3, 4, 5, 6, 8, 9, 10, 11, 12, 13, 14, 18, 19, 20, 21, 22, 24, 43, 58, 60, 62]
Task: CA, Iter:234/270; Accuracy = 69.88%

thresh: 16.0
cls_count [67. 33. 36. 48. 77. 90. 36.  0. 28. 69. 49. 29. 67. 29. 39.  0.  0.  0.
 16. 40. 22. 46. 88.  0. 32.  0.  0.  0.  0.  0.  0.  0.  0.  0.  0.  0.
  0.  0.  0.  0.  0.  0.  0. 27.  0.  0.  0.  0.  0.  0.  0.  0.  0.  0.
  0.  0.  0.  0. 32.  0. 31.  0. 58.  0.  0.]
Accuracy = 69.88% -> 69.79%

24 [0, 1, 2, 3, 4, 5, 6, 8, 9, 10, 11, 12, 13, 14, 18, 19, 20, 21, 22, 24, 43, 58, 60, 62]
Task: CA, Iter:252/270; Accuracy = 69.88%

thresh: 16.0
cls_count [67. 33. 36. 48. 76. 90. 36.  0. 28. 69. 49. 29. 67. 29. 39.  0.  0.  0.
 16. 40. 22. 46. 88.  0. 33.  0.  0.  0.  0.  0.  0.  0.  0.  0.  0.  0.
  0.  0.  0.  0.  0.  0.  0. 27.  0.  0.  0.  0.  0.  0.  0.  0.  0.  0.
  0.  0.  0.  0. 32.  0. 31.  0. 58.  0.  0.]
Accuracy = 69.88% -> 69.88%

24 [0, 1, 2, 3, 4, 5, 6, 8, 9, 10, 11, 12, 13, 14, 18, 19, 20, 21, 22, 24, 43, 58, 60, 62]
Task: CA, Iter:270/270; Accuracy = 69.88%

