feat_classifier_dy(
  (fc): Dy_Linear(in_features=256, out_features=65, bias=True)
)
/opt/conda/lib/python3.7/site-packages/torchvision/models/_utils.py:209: UserWarning: The parameter 'pretrained' is deprecated since 0.13 and will be removed in 0.15, please use 'weights' instead.
  f"The parameter '{pretrained_param}' is deprecated since 0.13 and will be removed in 0.15, "
/opt/conda/lib/python3.7/site-packages/torchvision/models/_utils.py:223: UserWarning: Arguments other than a weight enum or `None` for 'weights' are deprecated since 0.13 and will be removed in 0.15. The current behavior is equivalent to passing `weights=ResNet50_Weights.IMAGENET1K_V1`. You can also use `weights=ResNet50_Weights.DEFAULT` to get the most up-to-date weights.
  warnings.warn(msg)
cls_count [ 69.  13.  12.  70.  65.  53.  12.  13.  31.  87.  47.  12.  43.  23.
  33.   9.   9.   5.  11.  20.  17.  22. 104.   9.   9.   4.   2.   5.
   5.   8.   3.   6.   1.   4.   9.   7.   6.   2.   4.   7.  10.   0.
   5.  14.   4.   0.   1.   8.   0.   4.   5.   1.  18.  16.  14.  13.
   8.   7.   8.  14.  16.   3.  43.   5.   1.]
Accuracy = 55.56% -> 61.16%

28
Task: CA, Iter:18/270; Accuracy = 62.90%

cls_count [72. 18. 11. 81. 80. 99. 22. 11. 27. 81. 52. 17. 95. 13. 34.  5.  4.  1.
 13. 33. 11. 34. 82.  3.  9.  0.  0.  1.  0.  3.  0.  4.  0.  0.  2.  4.
  1.  0.  2.  1.  1.  0.  1. 29.  1.  0.  0.  0.  0.  2.  0.  2.  1.  4.
  8.  4.  3.  3.  2.  7. 17.  0. 78.  0.  0.]
Accuracy = 64.10% -> 67.86%

23
Task: CA, Iter:36/270; Accuracy = 65.29%

cls_count [ 71.  19.  14.  78.  82. 103.  25.  11.  29.  73.  60.  23.  91.  10.
  37.   0.   0.   0.  14.  37.  14.  40.  88.   0.   7.   0.   0.   0.
   0.   1.   0.   1.   0.   0.   0.   3.   0.   0.   0.   0.   1.   0.
   0.  33.   1.   0.   0.   0.   0.   1.   0.   1.   0.   4.   2.   1.
   0.   3.   1.   5.  18.   0.  87.   0.   0.]
Accuracy = 65.38% -> 67.22%

22
Task: CA, Iter:54/270; Accuracy = 66.30%

cls_count [ 69.  18.  18.  75.  85. 103.  30.  11.  30.  79.  63.  23.  84.   8.
  38.   0.   0.   0.  17.  38.  20.  45.  87.   0.   5.   0.   0.   0.
   0.   1.   0.   1.   0.   0.   0.   0.   0.   0.   0.   0.   0.   0.
   0.  33.   1.   0.   0.   0.   0.   0.   0.   1.   0.   1.   0.   0.
   0.   2.   0.   3.  17.   0.  83.   0.   0.]
Accuracy = 67.22% -> 67.31%

22
Task: CA, Iter:72/270; Accuracy = 66.21%

cls_count [ 69.  19.  19.  77.  84. 106.  30.  12.  32.  76.  63.  23.  78.   5.
  38.   0.   0.   0.  17.  39.  20.  46.  87.   0.   0.   0.   0.   0.
   0.   0.   0.   0.   0.   0.   0.   0.   0.   0.   0.   0.   0.   0.
   0.  41.   0.   0.   0.   0.   0.   0.   0.   1.   0.   1.   0.   0.
   0.   1.   0.   1.  17.   0.  87.   0.   0.]
Accuracy = 66.67% -> 67.22%

22
Task: CA, Iter:90/270; Accuracy = 66.94%

cls_count [ 69.  19.  19.  76.  84. 106.  31.  12.  32.  77.  67.  23.  79.   3.
  37.   0.   0.   0.  17.  39.  21.  49.  85.   0.   0.   0.   0.   0.
   0.   0.   0.   0.   0.   0.   0.   0.   0.   0.   0.   0.   0.   0.
   0.  41.   0.   0.   0.   0.   0.   0.   0.   0.   0.   1.   0.   0.
   0.   1.   0.   1.  17.   0.  83.   0.   0.]
Accuracy = 67.22% -> 67.40%

22
Task: CA, Iter:108/270; Accuracy = 67.13%

cls_count [ 69.  19.  19.  77.  84. 109.  33.  13.  30.  78.  68.  23.  79.   1.
  37.   0.   0.   0.  17.  39.  21.  47.  85.   0.   0.   0.   0.   0.
   0.   0.   0.   0.   0.   0.   0.   0.   0.   0.   0.   0.   0.   0.
   0.  40.   0.   0.   0.   0.   0.   0.   0.   0.   0.   1.   0.   0.
   0.   0.   0.   0.  18.   0.  82.   0.   0.]
Accuracy = 67.22% -> 67.40%

22
Task: CA, Iter:126/270; Accuracy = 67.13%

cls_count [ 69.  19.  19.  77.  84. 107.  33.  13.  31.  78.  68.  23.  78.   1.
  37.   0.   0.   0.  17.  39.  22.  49.  85.   0.   0.   0.   0.   0.
   0.   0.   0.   0.   0.   0.   0.   0.   0.   0.   0.   0.   0.   0.
   0.  40.   0.   0.   0.   0.   0.   0.   0.   0.   0.   1.   0.   0.
   0.   0.   0.   0.  17.   0.  82.   0.   0.]
Accuracy = 67.22% -> 67.40%

22
Task: CA, Iter:144/270; Accuracy = 67.13%

cls_count [ 69.  19.  19.  77.  84. 109.  33.  13.  29.  78.  70.  23.  78.   0.
  37.   0.   0.   0.  17.  38.  22.  47.  85.   0.   0.   0.   0.   0.
   0.   0.   0.   0.   0.   0.   0.   0.   0.   0.   0.   0.   0.   0.
   0.  40.   0.   0.   0.   0.   0.   0.   0.   0.   0.   1.   0.   0.
   0.   0.   0.   0.  19.   0.  82.   0.   0.]
Accuracy = 67.13% -> 67.40%

22
Task: CA, Iter:162/270; Accuracy = 67.13%

cls_count [ 69.  19.  20.  76.  84. 110.  33.  13.  29.  78.  70.  23.  79.   0.
  37.   0.   0.   0.  17.  38.  22.  47.  85.   0.   0.   0.   0.   0.
   0.   0.   0.   0.   0.   0.   0.   0.   0.   0.   0.   0.   0.   0.
   0.  39.   0.   0.   0.   0.   0.   0.   0.   0.   0.   0.   0.   0.
   0.   0.   0.   0.  19.   0.  82.   0.   0.]
Accuracy = 67.13% -> 67.40%

22
Task: CA, Iter:180/270; Accuracy = 67.22%

cls_count [ 69.  19.  21.  76.  84. 110.  33.  13.  29.  78.  70.  23.  79.   0.
  37.   0.   0.   0.  17.  38.  22.  47.  85.   0.   0.   0.   0.   0.
   0.   0.   0.   0.   0.   0.   0.   0.   0.   0.   0.   0.   0.   0.
   0.  38.   0.   0.   0.   0.   0.   0.   0.   0.   0.   0.   0.   0.
   0.   0.   0.   0.  19.   0.  82.   0.   0.]
Accuracy = 67.22% -> 67.40%

22
Task: CA, Iter:198/270; Accuracy = 67.22%

cls_count [ 69.  19.  21.  76.  84. 110.  33.  13.  29.  78.  70.  23.  79.   0.
  37.   0.   0.   0.  17.  38.  22.  47.  85.   0.   0.   0.   0.   0.
   0.   0.   0.   0.   0.   0.   0.   0.   0.   0.   0.   0.   0.   0.
   0.  38.   0.   0.   0.   0.   0.   0.   0.   0.   0.   0.   0.   0.
   0.   0.   0.   0.  19.   0.  82.   0.   0.]
Accuracy = 67.22% -> 67.40%

22
Task: CA, Iter:216/270; Accuracy = 67.31%

cls_count [ 69.  19.  21.  77.  84. 110.  33.  13.  29.  78.  70.  23.  78.   0.
  37.   0.   0.   0.  17.  38.  22.  47.  85.   0.   0.   0.   0.   0.
   0.   0.   0.   0.   0.   0.   0.   0.   0.   0.   0.   0.   0.   0.
   0.  38.   0.   0.   0.   0.   0.   0.   0.   0.   0.   0.   0.   0.
   0.   0.   0.   0.  19.   0.  82.   0.   0.]
Accuracy = 67.31% -> 67.40%

22
Task: CA, Iter:234/270; Accuracy = 67.31%

cls_count [ 69.  19.  21.  77.  84. 110.  33.  13.  29.  78.  70.  23.  78.   0.
  37.   0.   0.   0.  17.  38.  22.  47.  85.   0.   0.   0.   0.   0.
   0.   0.   0.   0.   0.   0.   0.   0.   0.   0.   0.   0.   0.   0.
   0.  38.   0.   0.   0.   0.   0.   0.   0.   0.   0.   0.   0.   0.
   0.   0.   0.   0.  19.   0.  82.   0.   0.]
Accuracy = 67.31% -> 67.40%

22
Task: CA, Iter:252/270; Accuracy = 67.40%

cls_count [ 69.  19.  21.  77.  84. 110.  33.  13.  29.  78.  70.  23.  78.   0.
  37.   0.   0.   0.  18.  38.  22.  47.  85.   0.   0.   0.   0.   0.
   0.   0.   0.   0.   0.   0.   0.   0.   0.   0.   0.   0.   0.   0.
   0.  37.   0.   0.   0.   0.   0.   0.   0.   0.   0.   0.   0.   0.
   0.   0.   0.   0.  19.   0.  82.   0.   0.]
Accuracy = 67.40% -> 67.40%

22
Task: CA, Iter:270/270; Accuracy = 67.31%

feat_classifier_dy(
  (fc): Dy_Linear(in_features=256, out_features=65, bias=True)
)
cls_count [ 68.  65.  26.  71.  98.  68.  37.  60.  88.  87. 110.  16.  53.  61.
  44.  26.  35.  17.  67.  40.  44.  44.  96.  50.  24.   5.   3.  10.
   8.  33.   7.   6.  12.   4.  10.   9.   7.  14.  14.   6.   8.   3.
   8.  26.  13.   7.   4.  10.   6.   5.   8.   3.  30.   8.  16.  30.
   6.   3.   4.  26.  12.   3.  13.  15.   1.]
Accuracy = 66.48% -> 73.50%

38
Task: CR, Iter:29/435; Accuracy = 82.16%

cls_count [ 76.  97.  35. 110.  98.  80.  62.  70.  75.  91. 101.  39.  56.  48.
  70.  51.  36.  11.  82.  52.  54.  90.  85.  47.  37.   0.   0.   0.
   0.  10.   0.   0.  16.   0.   0.   0.   0.   7.   2.   0.   2.   0.
   1.  63.   5.   1.   1.   0.   0.   0.   1.   1.   8.   0.   2.   6.
   1.   1.   1.  24.   1.   0.   3.   0.   1.]
Accuracy = 81.83% -> 84.37%

28
Task: CR, Iter:58/435; Accuracy = 84.93%

cls_count [ 75.  96.  42. 100.  98.  80.  76.  73.  77.  90.  94.  50.  51.  59.
  72.  52.  35.  16.  86.  54.  58.  93.  83.  53.  36.   0.   0.   0.
   0.   4.   0.   0.  21.   0.   0.   0.   0.   0.   1.   0.   1.   0.
   1.  50.   1.   1.   1.   1.   0.   0.   0.   0.   6.   0.   0.   0.
   0.   1.   0.  20.   0.   0.   3.   0.   0.]
Accuracy = 84.54% -> 85.04%

28
Task: CR, Iter:87/435; Accuracy = 85.48%

cls_count [ 78.  96.  41. 104.  98.  80.  76.  74.  76.  88.  93.  52.  48.  55.
  73.  53.  36.  21.  85.  55.  56.  97.  83.  51.  37.   0.   0.   0.
   0.   3.   0.   0.  22.   0.   0.   0.   0.   0.   0.   0.   0.   0.
   0.  49.   0.   1.   0.   0.   0.   0.   0.   0.   4.   0.   0.   0.
   0.   1.   0.  23.   0.   0.   2.   0.   0.]
Accuracy = 85.37% -> 85.37%

28
Task: CR, Iter:116/435; Accuracy = 85.86%

cls_count [78. 98. 46. 99. 98. 79. 76. 75. 76. 89. 90. 52. 49. 58. 74. 54. 36. 23.
 85. 54. 57. 97. 83. 52. 39.  0.  0.  0.  0.  2.  0.  0. 22.  0.  0.  0.
  0.  0.  0.  0.  0.  0.  0. 42.  0.  0.  0.  0.  0.  0.  0.  0.  3.  0.
  0.  0.  0.  1.  0. 22.  0.  0.  2.  0.  0.]
Accuracy = 85.81% -> 85.64%

28
Task: CR, Iter:145/435; Accuracy = 86.14%

cls_count [78. 98. 46. 98. 98. 79. 76. 75. 75. 89. 90. 54. 49. 57. 75. 57. 36. 23.
 85. 54. 57. 97. 83. 52. 38.  0.  0.  0.  0.  2.  0.  0. 22.  0.  0.  0.
  0.  0.  0.  0.  0.  0.  0. 42.  0.  0.  0.  0.  0.  0.  0.  0.  0.  0.
  0.  0.  0.  0.  0. 24.  0.  0.  2.  0.  0.]
Accuracy = 86.09% -> 85.81%

28
Task: CR, Iter:174/435; Accuracy = 86.09%

cls_count [78. 98. 47. 97. 98. 79. 76. 75. 75. 88. 90. 55. 49. 57. 76. 58. 36. 23.
 85. 55. 57. 97. 82. 51. 37.  0.  0.  0.  0.  2.  0.  0. 22.  0.  0.  0.
  0.  0.  0.  0.  0.  0.  0. 42.  0.  0.  0.  0.  0.  0.  0.  0.  0.  0.
  0.  0.  0.  0.  0. 24.  0.  0.  2.  0.  0.]
Accuracy = 86.03% -> 85.92%

28
Task: CR, Iter:203/435; Accuracy = 86.03%

cls_count [78. 98. 46. 97. 98. 79. 76. 75. 75. 89. 92. 55. 49. 58. 75. 56. 36. 23.
 85. 54. 57. 97. 82. 52. 37.  0.  0.  0.  0.  2.  0.  0. 22.  0.  0.  0.
  0.  0.  0.  0.  0.  0.  0. 42.  0.  0.  0.  0.  0.  0.  0.  0.  0.  0.
  0.  0.  0.  0.  0. 24.  0.  0.  2.  0.  0.]
Accuracy = 85.97% -> 85.75%

28
Task: CR, Iter:232/435; Accuracy = 86.20%

cls_count [78. 98. 46. 96. 98. 79. 76. 75. 74. 89. 89. 56. 49. 59. 75. 58. 36. 24.
 85. 55. 57. 97. 82. 50. 37.  0.  0.  0.  0.  2.  0.  0. 22.  0.  0.  0.
  0.  0.  0.  0.  0.  0.  0. 42.  0.  0.  0.  0.  0.  0.  0.  0.  0.  0.
  0.  0.  0.  0.  0. 25.  0.  0.  2.  0.  0.]
Accuracy = 86.14% -> 85.86%

28
Task: CR, Iter:261/435; Accuracy = 86.03%

cls_count [78. 98. 47. 97. 98. 80. 76. 75. 74. 87. 90. 56. 48. 58. 75. 58. 36. 24.
 85. 55. 57. 97. 82. 51. 37.  0.  0.  0.  0.  2.  0.  0. 22.  0.  0.  0.
  0.  0.  0.  0.  0.  0.  0. 42.  0.  0.  0.  0.  0.  0.  0.  0.  0.  0.
  0.  0.  0.  0.  0. 25.  0.  0.  1.  0.  0.]
Accuracy = 85.97% -> 85.97%

28
Task: CR, Iter:290/435; Accuracy = 85.97%

cls_count [78. 98. 47. 94. 98. 79. 76. 75. 74. 88. 90. 56. 49. 58. 75. 58. 36. 24.
 85. 55. 57. 97. 82. 51. 37.  0.  0.  0.  0.  1.  0.  0. 23.  0.  0.  0.
  0.  0.  0.  0.  0.  0.  0. 42.  0.  0.  0.  0.  0.  0.  0.  0.  0.  0.
  0.  0.  0.  0.  0. 27.  0.  0.  1.  0.  0.]
Accuracy = 85.92% -> 85.92%

28
Task: CR, Iter:319/435; Accuracy = 85.92%

cls_count [78. 98. 47. 93. 98. 80. 76. 75. 73. 87. 90. 56. 49. 57. 76. 58. 36. 24.
 85. 55. 57. 97. 82. 51. 37.  0.  0.  0.  0.  1.  0.  0. 23.  0.  0.  0.
  0.  0.  0.  0.  0.  0.  0. 42.  0.  0.  0.  0.  0.  0.  0.  0.  0.  0.
  0.  0.  0.  0.  0. 29.  0.  0.  1.  0.  0.]
Accuracy = 85.86% -> 85.86%

28
Task: CR, Iter:348/435; Accuracy = 85.97%

cls_count [78. 98. 48. 94. 98. 79. 76. 75. 73. 88. 89. 56. 48. 58. 76. 58. 36. 24.
 85. 55. 57. 97. 82. 51. 37.  0.  0.  0.  0.  1.  0.  0. 23.  0.  0.  0.
  0.  0.  0.  0.  0.  0.  0. 42.  0.  0.  0.  0.  0.  0.  0.  0.  0.  0.
  0.  0.  0.  0.  0. 29.  0.  0.  0.  0.  0.]
Accuracy = 85.97% -> 85.92%

28
Task: CR, Iter:377/435; Accuracy = 85.92%

cls_count [78. 98. 48. 95. 98. 80. 76. 75. 73. 87. 90. 56. 48. 57. 76. 58. 36. 24.
 85. 55. 57. 97. 82. 51. 38.  0.  0.  0.  0.  1.  0.  0. 23.  0.  0.  0.
  0.  0.  0.  0.  0.  0.  0. 41.  0.  0.  0.  0.  0.  0.  0.  0.  0.  0.
  0.  0.  0.  0.  0. 28.  0.  0.  0.  0.  0.]
Accuracy = 85.92% -> 85.92%

28
Task: CR, Iter:406/435; Accuracy = 85.92%

cls_count [78. 98. 48. 94. 98. 80. 76. 75. 73. 87. 89. 56. 48. 58. 76. 58. 36. 24.
 85. 55. 57. 97. 82. 51. 38.  0.  0.  0.  0.  1.  0.  0. 23.  0.  0.  0.
  0.  0.  0.  0.  0.  0.  0. 41.  0.  0.  0.  0.  0.  0.  0.  0.  0.  0.
  0.  0.  0.  0.  0. 29.  0.  0.  0.  0.  0.]
Accuracy = 85.92% -> 85.92%

28
Task: CR, Iter:435/435; Accuracy = 85.97%

feat_classifier_dy(
  (fc): Dy_Linear(in_features=256, out_features=65, bias=True)
)
cls_count [ 47.  65.  39.  34.  44.  58.  34.  68. 118.  15.  95.  32.  55. 111.
  43.  25.  63.   2.  52.  33.  64.  22.  95.  59.  31.   2.   4.  29.
   7.  16.   5.   1.  14.   3.  15.  14.  20.  20.  39.  22.   9.   4.
  27.  12.  24.   8.   4.  17.   6.   6.   1.   0.  17.   4.  21.  13.
  14.   4.   6.   9.  22.   0.  20.  15.   7.]
Accuracy = 59.27% -> 66.83%

44
Task: CP, Iter:28/420; Accuracy = 71.93%

cls_count [ 72. 105.  55.  38.  43.  51.  56.  87.  90.  15.  89.  49.  96. 105.
  72.  34.  63.   0.  62.  38.  61.   5.  96.  47.  40.   0.   0.  18.
   0.   4.   0.   0.  16.   0.   0.  35.  72.  21.  19.   0.   1.   0.
  17.   5.  15.   1.   1.  32.   0.   1.   0.   0.   9.   0.  10.   0.
   5.   0.   1.   0.   7.   0.  18.   8.   0.]
Accuracy = 71.93% -> 73.11%

33
Task: CP, Iter:56/420; Accuracy = 74.12%

cls_count [ 74. 103.  55.  50.  43.  58.  52.  94.  93.  17.  86.  51.  95.  97.
  75.  31.  65.   0.  61.  38.  60.   4.  92.  61.  40.   0.   0.  19.
   0.   2.   0.   0.  14.   0.   0.  37.  81.  27.  14.   0.   0.   0.
  15.   1.  19.   0.   0.  30.   0.   0.   0.   0.   4.   0.   1.   0.
   3.   0.   0.   0.   0.   0.  17.   6.   0.]
Accuracy = 74.29% -> 73.95%

33
Task: CP, Iter:84/420; Accuracy = 74.12%

cls_count [ 73. 104.  56.  50.  43.  59.  53.  94.  93.  17.  88.  50.  93.  96.
  76.  30.  65.   0.  62.  38.  61.   3.  92.  61.  41.   0.   0.  20.
   0.   1.   0.   0.  14.   0.   0.  40.  79.  27.  13.   0.   0.   0.
  15.   0.  19.   0.   0.  32.   0.   0.   0.   0.   4.   0.   0.   0.
   2.   0.   0.   0.   0.   0.  18.   3.   0.]
Accuracy = 74.23% -> 74.23%

33
Task: CP, Iter:112/420; Accuracy = 74.34%

cls_count [ 73. 102.  56.  51.  43.  59.  54.  94.  92.  17.  88.  48.  93.  95.
  76.  31.  65.   0.  62.  38.  61.   2.  92.  63.  41.   0.   0.  22.
   0.   1.   0.   0.  14.   0.   0.  41.  78.  27.  13.   0.   0.   0.
  15.   0.  21.   0.   0.  32.   0.   0.   0.   0.   2.   0.   0.   0.
   2.   0.   0.   0.   0.   0.  19.   2.   0.]
Accuracy = 74.40% -> 74.23%

33
Task: CP, Iter:140/420; Accuracy = 74.57%

cls_count [ 76. 103.  57.  54.  43.  61.  54.  95.  91.  17.  87.  50.  91.  95.
  76.  32.  65.   0.  62.  40.  60.   1.  93.  63.  41.   0.   0.  21.
   0.   0.   0.   0.  13.   0.   0.  40.  79.  27.  13.   0.   0.   0.
  15.   0.  20.   0.   0.  31.   0.   0.   0.   0.   1.   0.   0.   0.
   0.   0.   0.   0.   0.   0.  18.   0.   0.]
Accuracy = 74.57% -> 74.34%

33
Task: CP, Iter:168/420; Accuracy = 74.68%

cls_count [ 76. 103.  58.  53.  43.  61.  54.  94.  90.  16.  88.  49.  91.  95.
  76.  33.  65.   0.  62.  40.  60.   0.  93.  64.  42.   0.   0.  21.
   0.   0.   0.   0.  13.   0.   0.  41.  79.  28.  13.   0.   0.   0.
  15.   0.  20.   0.   0.  31.   0.   0.   0.   0.   0.   0.   0.   0.
   0.   0.   0.   0.   0.   0.  18.   0.   0.]
Accuracy = 74.68% -> 74.29%

33
Task: CP, Iter:196/420; Accuracy = 74.57%

cls_count [ 76. 104.  56.  53.  43.  61.  55.  95.  91.  16.  88.  50.  91.  95.
  77.  34.  65.   0.  62.  40.  60.   0.  93.  63.  42.   0.   0.  21.
   0.   0.   0.   0.  13.   0.   0.  40.  80.  27.  13.   0.   0.   0.
  14.   0.  20.   0.   0.  31.   0.   0.   0.   0.   0.   0.   0.   0.
   0.   0.   0.   0.   0.   0.  16.   0.   0.]
Accuracy = 74.57% -> 74.34%

33
Task: CP, Iter:224/420; Accuracy = 74.45%

cls_count [ 74. 103.  56.  52.  43.  61.  55.  95.  90.  16.  89.  49.  91.  95.
  76.  34.  65.   0.  62.  40.  61.   0.  93.  64.  42.   0.   0.  21.
   0.   0.   0.   0.  13.   0.   0.  40.  79.  27.  13.   0.   0.   0.
  15.   0.  20.   0.   0.  33.   0.   0.   0.   0.   0.   0.   0.   0.
   0.   0.   0.   0.   0.   0.  18.   0.   0.]
Accuracy = 74.45% -> 74.34%

33
Task: CP, Iter:252/420; Accuracy = 74.51%

cls_count [ 76. 103.  56.  52.  43.  59.  54.  95.  90.  16.  89.  49.  91.  95.
  77.  34.  65.   0.  62.  40.  60.   0.  93.  63.  44.   0.   0.  23.
   0.   0.   0.   0.  13.   0.   0.  41.  79.  27.  13.   0.   0.   0.
  14.   0.  21.   0.   0.  32.   0.   0.   0.   0.   0.   0.   0.   0.
   0.   0.   0.   0.   0.   0.  16.   0.   0.]
Accuracy = 74.51% -> 74.40%

33
Task: CP, Iter:280/420; Accuracy = 74.45%

cls_count [ 76. 103.  55.  52.  43.  58.  54.  95.  90.  16.  89.  49.  92.  95.
  77.  34.  65.   0.  62.  40.  60.   0.  93.  63.  44.   0.   0.  23.
   0.   0.   0.   0.  13.   0.   0.  41.  79.  27.  13.   0.   0.   0.
  14.   0.  22.   0.   0.  32.   0.   0.   0.   0.   0.   0.   0.   0.
   0.   0.   0.   0.   0.   0.  16.   0.   0.]
Accuracy = 74.45% -> 74.40%

33
Task: CP, Iter:308/420; Accuracy = 74.45%

cls_count [ 76. 103.  56.  52.  43.  58.  54.  95.  90.  16.  89.  50.  92.  95.
  77.  34.  65.   0.  62.  40.  60.   0.  93.  62.  44.   0.   0.  23.
   0.   0.   0.   0.  13.   0.   0.  41.  79.  27.  13.   0.   0.   0.
  14.   0.  21.   0.   0.  32.   0.   0.   0.   0.   0.   0.   0.   0.
   0.   0.   0.   0.   0.   0.  16.   0.   0.]
Accuracy = 74.45% -> 74.40%

33
Task: CP, Iter:336/420; Accuracy = 74.40%

cls_count [ 75. 103.  56.  52.  43.  58.  54.  94.  90.  16.  89.  51.  92.  95.
  77.  34.  65.   0.  62.  40.  60.   0.  93.  60.  44.   0.   0.  23.
   0.   0.   0.   0.  14.   0.   0.  41.  79.  27.  13.   0.   0.   0.
  14.   0.  22.   0.   0.  33.   0.   0.   0.   0.   0.   0.   0.   0.
   0.   0.   0.   0.   0.   0.  16.   0.   0.]
Accuracy = 74.40% -> 74.40%

33
Task: CP, Iter:364/420; Accuracy = 74.40%

cls_count [ 75. 103.  55.  52.  43.  58.  55.  95.  90.  16.  89.  50.  92.  95.
  77.  34.  65.   0.  62.  40.  60.   0.  93.  62.  44.   0.   0.  23.
   0.   0.   0.   0.  13.   0.   0.  40.  79.  27.  13.   0.   0.   0.
  14.   0.  22.   0.   0.  33.   0.   0.   0.   0.   0.   0.   0.   0.
   0.   0.   0.   0.   0.   0.  16.   0.   0.]
Accuracy = 74.40% -> 74.40%

33
Task: CP, Iter:392/420; Accuracy = 74.40%

cls_count [ 75. 103.  56.  52.  43.  59.  54.  95.  90.  16.  89.  51.  91.  95.
  77.  34.  65.   0.  62.  40.  60.   0.  93.  60.  44.   0.   0.  23.
   0.   0.   0.   0.  14.   0.   0.  41.  79.  27.  13.   0.   0.   0.
  14.   0.  21.   0.   0.  33.   0.   0.   0.   0.   0.   0.   0.   0.
   0.   0.   0.   0.   0.   0.  16.   0.   0.]
Accuracy = 74.40% -> 74.40%

33
Task: CP, Iter:420/420; Accuracy = 74.45%

