Namespace(batch_size=64, bottleneck=256, class_num=65, classifier='bn', cls_par=0.3, da='pda', distance='cosine', dset='office-home', ent=True, ent_par=1.0, epsilon=1e-05, gent=True, gpu_id='1', interval=15, issave=False, layer='wn', lr=0.01, lr_decay1=0.1, lr_decay2=1.0, max_epoch=15, name='PR', net='resnet50', out_file=<_io.TextIOWrapper name='ckpt/target/pda/office-home/PR/log_par_0.3_thr0.txt' mode='w' encoding='UTF-8'>, output='ckpt/target', output_dir='ckpt/target/pda/office-home/PR', output_dir_src='ckpt/source/pda/office-home/P', output_src='ckpt/source', s=0, s_dset_path='./data/office-home/Product.txt', savename='par_0.3_thr0', seed=2020, src_classes=[0, 1, 2, 3, 4, 5, 6, 7, 8, 9, 10, 11, 12, 13, 14, 15, 16, 17, 18, 19, 20, 21, 22, 23, 24, 25, 26, 27, 28, 29, 30, 31, 32, 33, 34, 35, 36, 37, 38, 39, 40, 41, 42, 43, 44, 45, 46, 47, 48, 49, 50, 51, 52, 53, 54, 55, 56, 57, 58, 59, 60, 61, 62, 63, 64], t=1, t_dset_path='./data/office-home/RealWorld.txt', tar_classes=[0, 1, 2, 3, 4, 5, 6, 7, 8, 9, 10, 11, 12, 13, 14, 15, 16, 17, 18, 19, 20, 21, 22, 23, 24], test_dset_path='./data/office-home/RealWorld.txt', threshold=0, worker=4)
/opt/conda/lib/python3.7/site-packages/torchvision/models/_utils.py:209: UserWarning: The parameter 'pretrained' is deprecated since 0.13 and will be removed in 0.15, please use 'weights' instead.
  f"The parameter '{pretrained_param}' is deprecated since 0.13 and will be removed in 0.15, "
/opt/conda/lib/python3.7/site-packages/torchvision/models/_utils.py:223: UserWarning: Arguments other than a weight enum or `None` for 'weights' are deprecated since 0.13 and will be removed in 0.15. The current behavior is equivalent to passing `weights=ResNet50_Weights.IMAGENET1K_V1`. You can also use `weights=ResNet50_Weights.DEFAULT` to get the most up-to-date weights.
  warnings.warn(msg)
cls_count [ 83.  99.  35.  71.  97.  35.  55.  72.  73. 108.  71.  28.  35.  82.
  71.  76.  35.  25.  77.  33.  52.  78.  79.  47.  22.   4.   3.   4.
   3.   9.   5.   4.  13.   7.   7.   4.   2.   0.   8.   0.   1.   3.
  11.  14.   3.   2.  11.   3.   7.   1.   7.   6.  14.   4.   2.  45.
  13.   7.   2.  25.   1.   5.   5.   6.   1.]
Accuracy = 77.03% -> 76.81%

65 [0, 1, 2, 3, 4, 5, 6, 7, 8, 9, 10, 11, 12, 13, 14, 15, 16, 17, 18, 19, 20, 21, 22, 23, 24, 25, 26, 27, 28, 29, 30, 31, 32, 33, 34, 35, 36, 37, 38, 39, 40, 41, 42, 43, 44, 45, 46, 47, 48, 49, 50, 51, 52, 53, 54, 55, 56, 57, 58, 59, 60, 61, 62, 63, 64]
Task: PR, Iter:29/435; Accuracy = 83.82%

thresh: 12.0
cls_count [85. 99. 54. 78. 97. 40. 73. 74. 73. 97. 70. 31. 53. 79. 77. 66. 31. 36.
 84. 38. 52. 85. 76. 46. 34.  0.  4.  1.  2.  4.  0.  0.  9.  1.  4.  1.
  0.  2.  8.  0.  0.  2. 12.  9.  0.  2.  3.  2.  8.  1.  4.  2. 11.  1.
  0. 41.  9.  3.  1. 33.  0.  0.  0.  1.  2.]
Accuracy = 83.82% -> 87.08%

28 [0, 1, 2, 3, 4, 5, 6, 7, 8, 9, 10, 11, 12, 13, 14, 15, 16, 17, 18, 19, 20, 21, 22, 23, 24, 42, 55, 59]
Task: PR, Iter:58/435; Accuracy = 87.19%

thresh: 23.0
cls_count [85. 98. 57. 78. 97. 47. 77. 74. 70. 97. 58. 38. 55. 75. 79. 69. 34. 39.
 82. 41. 57. 85. 76. 61. 34.  0.  0.  0.  0.  3.  0.  0.  6.  1.  2.  0.
  0.  0.  2.  0.  0.  2. 23.  3.  0.  0.  1.  0.  6.  1.  3.  1.  4.  0.
  0. 37.  4.  1.  1. 45.  0.  0.  0.  1.  1.]
Accuracy = 85.92% -> 87.08%

28 [0, 1, 2, 3, 4, 5, 6, 7, 8, 9, 10, 11, 12, 13, 14, 15, 16, 17, 18, 19, 20, 21, 22, 23, 24, 42, 55, 59]
Task: PR, Iter:87/435; Accuracy = 86.97%

thresh: 4.0
cls_count [85. 99. 56. 80. 97. 45. 79. 74. 71. 97. 57. 42. 55. 74. 78. 71. 34. 41.
 83. 41. 62. 84. 76. 60. 32.  0.  0.  0.  0.  2.  0.  0.  4.  1.  2.  0.
  0.  0.  2.  0.  0.  1. 28.  1.  0.  0.  1.  0.  4.  1.  1.  0.  3.  0.
  0. 38.  2.  0.  1. 45.  0.  0.  0.  1.  0.]
Accuracy = 86.14% -> 86.31%

30 [0, 1, 2, 3, 4, 5, 6, 7, 8, 9, 10, 11, 12, 13, 14, 15, 16, 17, 18, 19, 20, 21, 22, 23, 24, 32, 42, 48, 55, 59]
Task: PR, Iter:116/435; Accuracy = 86.31%

thresh: 7.0
cls_count [85. 98. 56. 81. 97. 46. 80. 74. 70. 97. 57. 41. 53. 74. 78. 71. 34. 40.
 84. 41. 59. 85. 76. 62. 32.  0.  0.  0.  0.  1.  0.  0.  7.  1.  2.  0.
  0.  0.  2.  0.  0.  0. 32.  0.  0.  0.  1.  0.  5.  1.  0.  0.  0.  0.
  0. 39.  1.  0.  1. 46.  0.  0.  0.  1.  0.]
Accuracy = 85.92% -> 86.36%

29 [0, 1, 2, 3, 4, 5, 6, 7, 8, 9, 10, 11, 12, 13, 14, 15, 16, 17, 18, 19, 20, 21, 22, 23, 24, 32, 42, 55, 59]
Task: PR, Iter:145/435; Accuracy = 86.25%

thresh: 9.0
cls_count [85. 99. 58. 81. 97. 46. 78. 74. 70. 97. 56. 42. 52. 74. 77. 71. 34. 41.
 83. 41. 59. 85. 76. 63. 32.  0.  0.  0.  0.  1.  0.  0.  9.  0.  1.  0.
  0.  0.  0.  0.  0.  0. 32.  0.  0.  0.  1.  0.  5.  0.  0.  0.  1.  0.
  0. 39.  1.  0.  1. 48.  0.  0.  0.  1.  0.]
Accuracy = 85.92% -> 86.25%

29 [0, 1, 2, 3, 4, 5, 6, 7, 8, 9, 10, 11, 12, 13, 14, 15, 16, 17, 18, 19, 20, 21, 22, 23, 24, 32, 42, 55, 59]
Task: PR, Iter:174/435; Accuracy = 86.09%

thresh: 12.0
cls_count [85. 98. 57. 80. 97. 46. 79. 74. 69. 97. 56. 43. 49. 74. 77. 71. 34. 42.
 84. 41. 62. 85. 76. 64. 32.  0.  0.  0.  0.  1.  0.  0. 12.  0.  1.  0.
  0.  0.  0.  0.  0.  0. 32.  0.  0.  0.  1.  0.  2.  0.  0.  0.  0.  0.
  0. 39.  1.  0.  1. 48.  0.  0.  0.  1.  0.]
Accuracy = 85.86% -> 86.14%

29 [0, 1, 2, 3, 4, 5, 6, 7, 8, 9, 10, 11, 12, 13, 14, 15, 16, 17, 18, 19, 20, 21, 22, 23, 24, 32, 42, 55, 59]
Task: PR, Iter:203/435; Accuracy = 86.14%

thresh: 15.0
cls_count [85. 98. 57. 80. 97. 46. 79. 74. 69. 97. 56. 44. 47. 74. 77. 71. 34. 39.
 85. 41. 65. 85. 76. 62. 32.  0.  0.  0.  0.  1.  0.  0. 15.  0.  1.  0.
  0.  0.  0.  0.  0.  0. 33.  0.  0.  0.  1.  0.  2.  0.  0.  0.  0.  0.
  0. 39.  1.  0.  0. 47.  0.  0.  0.  1.  0.]
Accuracy = 85.86% -> 86.20%

29 [0, 1, 2, 3, 4, 5, 6, 7, 8, 9, 10, 11, 12, 13, 14, 15, 16, 17, 18, 19, 20, 21, 22, 23, 24, 32, 42, 55, 59]
Task: PR, Iter:232/435; Accuracy = 85.86%

thresh: 16.0
cls_count [85. 99. 57. 80. 97. 46. 79. 74. 69. 97. 56. 44. 47. 74. 77. 70. 34. 40.
 84. 41. 64. 84. 76. 63. 33.  0.  0.  0.  0.  1.  0.  0. 16.  0.  0.  0.
  0.  0.  0.  0.  0.  0. 33.  0.  0.  0.  1.  0.  2.  0.  0.  0.  0.  0.
  0. 39.  1.  0.  0. 47.  0.  0.  0.  1.  0.]
Accuracy = 85.70% -> 85.97%

29 [0, 1, 2, 3, 4, 5, 6, 7, 8, 9, 10, 11, 12, 13, 14, 15, 16, 17, 18, 19, 20, 21, 22, 23, 24, 32, 42, 55, 59]
Task: PR, Iter:261/435; Accuracy = 86.03%

thresh: 17.0
cls_count [85. 99. 58. 80. 97. 46. 79. 74. 69. 97. 56. 45. 46. 74. 77. 71. 34. 39.
 85. 41. 65. 84. 76. 62. 32.  0.  0.  0.  0.  1.  0.  0. 17.  0.  0.  0.
  0.  0.  0.  0.  0.  0. 33.  0.  0.  0.  1.  0.  1.  0.  0.  0.  0.  0.
  0. 38.  1.  0.  0. 47.  0.  0.  0.  1.  0.]
Accuracy = 85.86% -> 85.92%

29 [0, 1, 2, 3, 4, 5, 6, 7, 8, 9, 10, 11, 12, 13, 14, 15, 16, 17, 18, 19, 20, 21, 22, 23, 24, 32, 42, 55, 59]
Task: PR, Iter:290/435; Accuracy = 85.70%

thresh: 1.0
cls_count [85. 98. 58. 80. 97. 46. 80. 74. 69. 97. 56. 45. 41. 74. 77. 70. 34. 41.
 84. 40. 63. 86. 76. 62. 33.  0.  0.  0.  0.  1.  0.  0. 22.  0.  0.  0.
  0.  0.  0.  0.  0.  0. 34.  0.  0.  0.  1.  0.  0.  0.  0.  0.  0.  0.
  0. 38.  1.  0.  0. 48.  0.  0.  0.  0.  0.]
Accuracy = 85.64% -> 85.70%

32 [0, 1, 2, 3, 4, 5, 6, 7, 8, 9, 10, 11, 12, 13, 14, 15, 16, 17, 18, 19, 20, 21, 22, 23, 24, 29, 32, 42, 46, 55, 56, 59]
Task: PR, Iter:319/435; Accuracy = 85.42%

thresh: 1.0
cls_count [85. 98. 58. 80. 97. 47. 79. 74. 69. 97. 56. 45. 39. 74. 77. 70. 34. 40.
 84. 40. 63. 86. 76. 63. 33.  0.  0.  0.  0.  1.  0.  0. 24.  0.  0.  0.
  0.  0.  0.  0.  0.  0. 34.  0.  0.  0.  1.  0.  0.  0.  0.  0.  0.  0.
  0. 38.  1.  0.  0. 48.  0.  0.  0.  0.  0.]
Accuracy = 85.42% -> 85.64%

32 [0, 1, 2, 3, 4, 5, 6, 7, 8, 9, 10, 11, 12, 13, 14, 15, 16, 17, 18, 19, 20, 21, 22, 23, 24, 29, 32, 42, 46, 55, 56, 59]
Task: PR, Iter:348/435; Accuracy = 85.37%

thresh: 1.0
cls_count [85. 98. 57. 80. 97. 47. 79. 74. 69. 97. 56. 45. 38. 74. 77. 70. 34. 41.
 84. 40. 64. 86. 76. 62. 33.  0.  0.  0.  0.  1.  0.  0. 25.  0.  0.  0.
  0.  0.  0.  0.  0.  0. 35.  0.  0.  0.  1.  0.  0.  0.  0.  0.  0.  0.
  0. 38.  1.  0.  0. 47.  0.  0.  0.  0.  0.]
Accuracy = 85.37% -> 85.59%

32 [0, 1, 2, 3, 4, 5, 6, 7, 8, 9, 10, 11, 12, 13, 14, 15, 16, 17, 18, 19, 20, 21, 22, 23, 24, 29, 32, 42, 46, 55, 56, 59]
Task: PR, Iter:377/435; Accuracy = 85.48%

thresh: 1.0
cls_count [85. 98. 58. 80. 97. 46. 80. 74. 69. 97. 56. 45. 38. 74. 77. 70. 34. 41.
 84. 40. 63. 86. 76. 62. 33.  0.  0.  0.  0.  1.  0.  0. 25.  0.  0.  0.
  0.  0.  0.  0.  0.  0. 34.  0.  0.  0.  1.  0.  0.  0.  0.  0.  0.  0.
  0. 38.  1.  0.  0. 48.  0.  0.  0.  0.  0.]
Accuracy = 85.48% -> 85.53%

32 [0, 1, 2, 3, 4, 5, 6, 7, 8, 9, 10, 11, 12, 13, 14, 15, 16, 17, 18, 19, 20, 21, 22, 23, 24, 29, 32, 42, 46, 55, 56, 59]
Task: PR, Iter:406/435; Accuracy = 85.48%

thresh: 1.0
cls_count [85. 98. 58. 80. 97. 46. 80. 74. 69. 97. 56. 45. 36. 74. 77. 70. 34. 41.
 84. 41. 63. 86. 76. 62. 34.  0.  0.  0.  0.  1.  0.  0. 27.  0.  0.  0.
  0.  0.  0.  0.  0.  0. 32.  0.  0.  0.  1.  0.  0.  0.  0.  0.  0.  0.
  0. 38.  1.  0.  0. 48.  0.  0.  0.  0.  0.]
Accuracy = 85.48% -> 85.48%

32 [0, 1, 2, 3, 4, 5, 6, 7, 8, 9, 10, 11, 12, 13, 14, 15, 16, 17, 18, 19, 20, 21, 22, 23, 24, 29, 32, 42, 46, 55, 56, 59]
Task: PR, Iter:435/435; Accuracy = 85.48%

Namespace(batch_size=64, bottleneck=256, class_num=65, classifier='bn', cls_par=0.3, da='pda', distance='cosine', dset='office-home', ent=True, ent_par=1.0, epsilon=1e-05, gent=True, gpu_id='1', interval=15, issave=False, layer='wn', lr=0.01, lr_decay1=0.1, lr_decay2=1.0, max_epoch=15, name='PA', net='resnet50', out_file=<_io.TextIOWrapper name='ckpt/target/pda/office-home/PA/log_par_0.3_thr0.txt' mode='w' encoding='UTF-8'>, output='ckpt/target', output_dir='ckpt/target/pda/office-home/PA', output_dir_src='ckpt/source/pda/office-home/P', output_src='ckpt/source', s=0, s_dset_path='./data/office-home/Product.txt', savename='par_0.3_thr0', seed=2020, src_classes=[0, 1, 2, 3, 4, 5, 6, 7, 8, 9, 10, 11, 12, 13, 14, 15, 16, 17, 18, 19, 20, 21, 22, 23, 24, 25, 26, 27, 28, 29, 30, 31, 32, 33, 34, 35, 36, 37, 38, 39, 40, 41, 42, 43, 44, 45, 46, 47, 48, 49, 50, 51, 52, 53, 54, 55, 56, 57, 58, 59, 60, 61, 62, 63, 64], t=2, t_dset_path='./data/office-home/Art.txt', tar_classes=[0, 1, 2, 3, 4, 5, 6, 7, 8, 9, 10, 11, 12, 13, 14, 15, 16, 17, 18, 19, 20, 21, 22, 23, 24], test_dset_path='./data/office-home/Art.txt', threshold=0, worker=4)
/opt/conda/lib/python3.7/site-packages/torchvision/models/_utils.py:209: UserWarning: The parameter 'pretrained' is deprecated since 0.13 and will be removed in 0.15, please use 'weights' instead.
  f"The parameter '{pretrained_param}' is deprecated since 0.13 and will be removed in 0.15, "
/opt/conda/lib/python3.7/site-packages/torchvision/models/_utils.py:223: UserWarning: Arguments other than a weight enum or `None` for 'weights' are deprecated since 0.13 and will be removed in 0.15. The current behavior is equivalent to passing `weights=ResNet50_Weights.IMAGENET1K_V1`. You can also use `weights=ResNet50_Weights.DEFAULT` to get the most up-to-date weights.
  warnings.warn(msg)
cls_count [ 65.  50.  14.  27.  61.  44.  10.  23.  20.  91.  26.  19.  21.  53.
  38.  38.  10.   7.  27.  11.  22.  47. 105.  21.  15.   3.   1.   3.
   6.   5.   5.   2.   2.   6.   4.   2.   4.   1.   4.   1.   1.   3.
   2.  11.   2.   0.  37.   0.   3.   0.   6.   1.   5.   2.   1.   9.
   5.   6.  14.   9.   3.  11.  34.   6.   4.]
Accuracy = 58.77% -> 59.87%

64 [0, 1, 2, 3, 4, 5, 6, 7, 8, 9, 10, 11, 12, 13, 14, 15, 16, 17, 18, 19, 20, 21, 22, 23, 24, 25, 26, 27, 28, 29, 30, 31, 32, 33, 34, 35, 36, 37, 38, 39, 40, 41, 42, 43, 44, 45, 46, 48, 49, 50, 51, 52, 53, 54, 55, 56, 57, 58, 59, 60, 61, 62, 63, 64]
Task: PA, Iter:18/270; Accuracy = 67.77%

thresh: 13.0
cls_count [67. 44. 16. 31. 67. 69. 24. 29. 22. 73. 27. 16. 47. 46. 34. 34. 13.  7.
 19. 11. 20. 47. 84. 21. 26.  1.  1.  4.  4.  4.  3.  3.  2.  8.  3.  1.
  9.  3.  2.  0.  2.  4.  8.  7.  3.  0. 23.  0.  4.  0.  7.  1.  4.  2.
  0.  8.  4.  6. 12. 17.  0.  7. 17.  1. 10.]
Accuracy = 67.77% -> 72.18%

26 [0, 1, 2, 3, 4, 5, 6, 7, 8, 9, 10, 11, 12, 13, 14, 15, 16, 18, 20, 21, 22, 23, 24, 46, 59, 62]
Task: PA, Iter:36/270; Accuracy = 72.91%

thresh: 8.0
cls_count [66. 44. 31. 31. 68. 74. 28. 27. 31. 69. 30. 19. 47. 47. 37. 41. 17.  3.
 21.  8. 21. 52. 83. 27. 32.  1.  0.  1.  3.  2.  1.  2.  1.  0.  2.  1.
  2.  3.  1.  0.  2.  3.  4.  5.  1.  0. 20.  0.  2.  0.  3.  1.  0.  2.
  0.  5.  1.  2.  7. 24.  0.  4. 26.  0.  3.]
Accuracy = 71.35% -> 73.74%

27 [0, 1, 2, 3, 4, 5, 6, 7, 8, 9, 10, 11, 12, 13, 14, 15, 16, 18, 19, 20, 21, 22, 23, 24, 46, 59, 62]
Task: PA, Iter:54/270; Accuracy = 74.01%

thresh: 16.0
cls_count [67. 44. 34. 32. 70. 77. 31. 29. 33. 70. 30. 22. 44. 46. 38. 47. 16.  3.
 21.  9. 22. 53. 85. 30. 36.  1.  0.  1.  0.  0.  1.  1.  1.  0.  1.  1.
  2.  1.  1.  0.  1.  2.  1.  3.  1.  0. 21.  0.  1.  0.  0.  0.  0.  0.
  0.  1.  0.  0.  2. 27.  0.  0. 28.  0.  1.]
Accuracy = 73.46% -> 72.64%

26 [0, 1, 2, 3, 4, 5, 6, 7, 8, 9, 10, 11, 12, 13, 14, 15, 16, 18, 20, 21, 22, 23, 24, 46, 59, 62]
Task: PA, Iter:72/270; Accuracy = 72.64%

thresh: 9.0
cls_count [67. 45. 35. 33. 70. 77. 32. 29. 34. 69. 30. 22. 43. 43. 39. 46. 18.  1.
 21.  9. 23. 54. 84. 34. 36.  0.  0.  0.  0.  0.  0.  0.  0.  0.  1.  1.
  1.  1.  1.  0.  1.  1.  1.  3.  0.  0. 24.  0.  0.  0.  0.  0.  0.  0.
  0.  0.  0.  0.  1. 28.  0.  0. 30.  0.  1.]
Accuracy = 72.82% -> 73.55%

27 [0, 1, 2, 3, 4, 5, 6, 7, 8, 9, 10, 11, 12, 13, 14, 15, 16, 18, 19, 20, 21, 22, 23, 24, 46, 59, 62]
Task: PA, Iter:90/270; Accuracy = 73.83%

thresh: 16.0
cls_count [67. 45. 36. 34. 70. 78. 32. 29. 32. 71. 30. 21. 43. 44. 38. 46. 16.  1.
 21. 10. 23. 54. 84. 34. 38.  0.  0.  0.  0.  0.  0.  0.  0.  0.  1.  1.
  0.  0.  1.  0.  0.  0.  1.  2.  0.  0. 24.  0.  0.  0.  0.  0.  0.  0.
  0.  0.  0.  0.  0. 28.  0.  0. 33.  0.  1.]
Accuracy = 73.65% -> 72.64%

26 [0, 1, 2, 3, 4, 5, 6, 7, 8, 9, 10, 11, 12, 13, 14, 15, 16, 18, 20, 21, 22, 23, 24, 46, 59, 62]
Task: PA, Iter:108/270; Accuracy = 72.91%

thresh: 10.0
cls_count [67. 44. 35. 34. 70. 77. 32. 29. 33. 69. 29. 22. 42. 44. 39. 47. 17.  0.
 21. 10. 23. 54. 85. 36. 38.  0.  0.  0.  0.  0.  0.  0.  0.  0.  1.  1.
  0.  0.  1.  0.  0.  0.  0.  2.  0.  0. 25.  0.  0.  0.  0.  0.  0.  0.
  0.  0.  0.  0.  0. 29.  0.  0. 32.  0.  1.]
Accuracy = 73.37% -> 73.28%

27 [0, 1, 2, 3, 4, 5, 6, 7, 8, 9, 10, 11, 12, 13, 14, 15, 16, 18, 19, 20, 21, 22, 23, 24, 46, 59, 62]
Task: PA, Iter:126/270; Accuracy = 73.83%

thresh: 16.0
cls_count [67. 45. 35. 33. 71. 77. 32. 29. 33. 69. 29. 22. 42. 45. 39. 47. 16.  0.
 21. 10. 23. 54. 85. 34. 38.  0.  0.  0.  0.  0.  0.  0.  0.  0.  1.  1.
  0.  0.  1.  0.  0.  0.  0.  2.  0.  0. 25.  0.  0.  0.  0.  0.  0.  0.
  0.  0.  0.  0.  0. 29.  0.  0. 34.  0.  0.]
Accuracy = 73.65% -> 72.73%

26 [0, 1, 2, 3, 4, 5, 6, 7, 8, 9, 10, 11, 12, 13, 14, 15, 16, 18, 20, 21, 22, 23, 24, 46, 59, 62]
Task: PA, Iter:144/270; Accuracy = 72.91%

thresh: 10.0
cls_count [67. 44. 35. 34. 71. 77. 32. 29. 33. 71. 28. 23. 42. 44. 38. 47. 17.  0.
 21. 10. 23. 54. 84. 35. 38.  0.  0.  0.  0.  0.  0.  0.  0.  0.  1.  1.
  0.  0.  1.  0.  0.  0.  0.  1.  0.  0. 25.  0.  0.  0.  0.  0.  0.  0.
  0.  0.  0.  0.  0. 29.  0.  0. 34.  0.  0.]
Accuracy = 73.37% -> 73.55%

27 [0, 1, 2, 3, 4, 5, 6, 7, 8, 9, 10, 11, 12, 13, 14, 15, 16, 18, 19, 20, 21, 22, 23, 24, 46, 59, 62]
Task: PA, Iter:162/270; Accuracy = 73.65%

thresh: 10.0
cls_count [67. 44. 35. 34. 72. 77. 32. 29. 33. 71. 28. 23. 42. 44. 38. 46. 17.  0.
 21. 10. 23. 54. 85. 34. 38.  0.  0.  0.  0.  0.  0.  0.  0.  0.  1.  1.
  0.  0.  0.  0.  0.  0.  0.  1.  0.  0. 25.  0.  0.  0.  0.  0.  0.  0.
  0.  0.  0.  0.  0. 30.  0.  0. 34.  0.  0.]
Accuracy = 73.55% -> 73.55%

27 [0, 1, 2, 3, 4, 5, 6, 7, 8, 9, 10, 11, 12, 13, 14, 15, 16, 18, 19, 20, 21, 22, 23, 24, 46, 59, 62]
Task: PA, Iter:180/270; Accuracy = 73.83%

thresh: 11.0
cls_count [68. 46. 35. 34. 71. 77. 32. 29. 32. 69. 28. 23. 42. 44. 38. 46. 17.  0.
 21. 11. 23. 54. 86. 34. 38.  0.  0.  0.  0.  0.  0.  0.  0.  0.  1.  1.
  0.  0.  0.  0.  0.  0.  0.  1.  0.  0. 25.  0.  0.  0.  0.  0.  0.  0.
  0.  0.  0.  0.  0. 30.  0.  0. 33.  0.  0.]
Accuracy = 73.74% -> 73.65%

27 [0, 1, 2, 3, 4, 5, 6, 7, 8, 9, 10, 11, 12, 13, 14, 15, 16, 18, 19, 20, 21, 22, 23, 24, 46, 59, 62]
Task: PA, Iter:198/270; Accuracy = 73.65%

thresh: 11.0
cls_count [68. 46. 35. 33. 71. 77. 32. 29. 32. 70. 28. 25. 43. 44. 37. 45. 17.  0.
 21. 11. 23. 55. 86. 33. 38.  0.  0.  0.  0.  0.  0.  0.  0.  0.  0.  1.
  0.  0.  0.  0.  0.  0.  0.  1.  0.  0. 25.  0.  0.  0.  0.  0.  0.  0.
  0.  0.  0.  0.  0. 30.  0.  0. 33.  0.  0.]
Accuracy = 73.65% -> 73.65%

27 [0, 1, 2, 3, 4, 5, 6, 7, 8, 9, 10, 11, 12, 13, 14, 15, 16, 18, 19, 20, 21, 22, 23, 24, 46, 59, 62]
Task: PA, Iter:216/270; Accuracy = 73.92%

thresh: 11.0
cls_count [68. 46. 35. 34. 71. 77. 32. 29. 32. 70. 28. 25. 43. 44. 37. 47. 17.  0.
 21. 11. 23. 54. 85. 33. 38.  0.  0.  0.  0.  0.  0.  0.  0.  0.  0.  0.
  0.  0.  0.  0.  0.  0.  0.  1.  0.  0. 25.  0.  0.  0.  0.  0.  0.  0.
  0.  0.  0.  0.  0. 30.  0.  0. 33.  0.  0.]
Accuracy = 73.92% -> 73.74%

27 [0, 1, 2, 3, 4, 5, 6, 7, 8, 9, 10, 11, 12, 13, 14, 15, 16, 18, 19, 20, 21, 22, 23, 24, 46, 59, 62]
Task: PA, Iter:234/270; Accuracy = 73.92%

thresh: 11.0
cls_count [68. 46. 35. 34. 71. 77. 32. 29. 32. 70. 28. 24. 43. 44. 38. 47. 17.  0.
 21. 11. 23. 54. 85. 33. 38.  0.  0.  0.  0.  0.  0.  0.  0.  0.  0.  0.
  0.  0.  0.  0.  0.  0.  0.  1.  0.  0. 25.  0.  0.  0.  0.  0.  0.  0.
  0.  0.  0.  0.  0. 30.  0.  0. 33.  0.  0.]
Accuracy = 73.92% -> 73.74%

27 [0, 1, 2, 3, 4, 5, 6, 7, 8, 9, 10, 11, 12, 13, 14, 15, 16, 18, 19, 20, 21, 22, 23, 24, 46, 59, 62]
Task: PA, Iter:252/270; Accuracy = 73.83%

thresh: 11.0
cls_count [68. 46. 35. 34. 71. 77. 33. 29. 32. 69. 28. 24. 43. 44. 39. 47. 17.  0.
 21. 11. 23. 53. 85. 34. 38.  0.  0.  0.  0.  0.  0.  0.  0.  0.  0.  0.
  0.  0.  0.  0.  0.  0.  0.  0.  0.  0. 25.  0.  0.  0.  0.  0.  0.  0.
  0.  0.  0.  0.  0. 30.  0.  0. 33.  0.  0.]
Accuracy = 73.83% -> 73.74%

27 [0, 1, 2, 3, 4, 5, 6, 7, 8, 9, 10, 11, 12, 13, 14, 15, 16, 18, 19, 20, 21, 22, 23, 24, 46, 59, 62]
Task: PA, Iter:270/270; Accuracy = 73.83%

Namespace(batch_size=64, bottleneck=256, class_num=65, classifier='bn', cls_par=0.3, da='pda', distance='cosine', dset='office-home', ent=True, ent_par=1.0, epsilon=1e-05, gent=True, gpu_id='1', interval=15, issave=False, layer='wn', lr=0.01, lr_decay1=0.1, lr_decay2=1.0, max_epoch=15, name='PC', net='resnet50', out_file=<_io.TextIOWrapper name='ckpt/target/pda/office-home/PC/log_par_0.3_thr0.txt' mode='w' encoding='UTF-8'>, output='ckpt/target', output_dir='ckpt/target/pda/office-home/PC', output_dir_src='ckpt/source/pda/office-home/P', output_src='ckpt/source', s=0, s_dset_path='./data/office-home/Product.txt', savename='par_0.3_thr0', seed=2020, src_classes=[0, 1, 2, 3, 4, 5, 6, 7, 8, 9, 10, 11, 12, 13, 14, 15, 16, 17, 18, 19, 20, 21, 22, 23, 24, 25, 26, 27, 28, 29, 30, 31, 32, 33, 34, 35, 36, 37, 38, 39, 40, 41, 42, 43, 44, 45, 46, 47, 48, 49, 50, 51, 52, 53, 54, 55, 56, 57, 58, 59, 60, 61, 62, 63, 64], t=3, t_dset_path='./data/office-home/Clipart.txt', tar_classes=[0, 1, 2, 3, 4, 5, 6, 7, 8, 9, 10, 11, 12, 13, 14, 15, 16, 17, 18, 19, 20, 21, 22, 23, 24], test_dset_path='./data/office-home/Clipart.txt', threshold=0, worker=4)
/opt/conda/lib/python3.7/site-packages/torchvision/models/_utils.py:209: UserWarning: The parameter 'pretrained' is deprecated since 0.13 and will be removed in 0.15, please use 'weights' instead.
  f"The parameter '{pretrained_param}' is deprecated since 0.13 and will be removed in 0.15, "
/opt/conda/lib/python3.7/site-packages/torchvision/models/_utils.py:223: UserWarning: Arguments other than a weight enum or `None` for 'weights' are deprecated since 0.13 and will be removed in 0.15. The current behavior is equivalent to passing `weights=ResNet50_Weights.IMAGENET1K_V1`. You can also use `weights=ResNet50_Weights.DEFAULT` to get the most up-to-date weights.
  warnings.warn(msg)
cls_count [ 45.  37.  18.  23.  85.  63.  42.  45.  64.  30.  80.  14.  36.  39.
  25.  66.  22.   7. 127.  19.  43.  39.  78. 127.  37.  40.   3.   6.
   9.   3.  25.  19.   9.   9.  25.   9.  21.  13.  13.   2.   1.  14.
   8.  10.  10.   2.   8.   0.   7.   3.  27.   3.  18.   2.   4.   9.
   4.  19.   9.  31.   2.   2.  44.  16.   5.]
Accuracy = 49.01% -> 52.06%

65 [0, 1, 2, 3, 4, 5, 6, 7, 8, 9, 10, 11, 12, 13, 14, 15, 16, 17, 18, 19, 20, 21, 22, 23, 24, 25, 26, 27, 28, 29, 30, 31, 32, 33, 34, 35, 36, 37, 38, 39, 40, 41, 42, 43, 44, 45, 46, 47, 48, 49, 50, 51, 52, 53, 54, 55, 56, 57, 58, 59, 60, 61, 62, 63, 64]
Task: PC, Iter:27/405; Accuracy = 60.72%

thresh: 24.0
cls_count [ 54.  56.  39.  42.  94.  78.  58.  47.  68.  49.  72.  23.  66.  68.
  33.  19.  39.   2. 101.  24.  44.  50.  81.  79.  29.  40.   1.   2.
   1.   2.  13.  22.  22.   3.  12.   6.  19.  19.   7.   2.   6.   6.
  16.   8.   0.   1.   3.   1.   5.   1.  16.   0.  12.   1.   8.   6.
  10.  31.   3.  30.   1.   0.  16.   4.   4.]
Accuracy = 60.72% -> 65.91%

25 [0, 1, 2, 3, 4, 5, 6, 7, 8, 9, 10, 12, 13, 14, 16, 18, 19, 20, 21, 22, 23, 24, 25, 57, 59]
Task: PC, Iter:54/405; Accuracy = 66.69%

thresh: 22.0
cls_count [ 58.  64.  45.  65.  92.  99.  67.  47.  68.  49.  75.   0.  77.  67.
  34.  16.  46.   1. 107.  22.  49.  49.  87. 128.  39.  41.   1.   1.
   0.   2.   6.   7.   3.   0.   8.   4.  10.   6.   5.   1.   4.   4.
  13.   5.   0.   2.   2.   1.   1.   1.   2.   0.   4.   0.   4.   2.
   2.  41.   0.  28.   0.   0.   8.   1.   4.]
Accuracy = 65.31% -> 65.97%

25 [0, 1, 2, 3, 4, 5, 6, 7, 8, 9, 10, 12, 13, 14, 16, 18, 19, 20, 21, 22, 23, 24, 25, 57, 59]
Task: PC, Iter:81/405; Accuracy = 66.81%

thresh: 26.0
cls_count [ 60.  68.  55.  74.  90. 102.  68.  47.  69.  52.  79.   0.  84.  71.
  37.   7.  50.   0. 110.  26.  49.  51.  89. 129.  44.  46.   1.   0.
   0.   2.   1.   6.   1.   0.   2.   2.   2.   2.   0.   1.   1.   3.
   4.   2.   0.   2.   2.   0.   0.   1.   1.   0.   3.   0.   1.   0.
   0.  40.   0.  34.   0.   0.   2.   0.   2.]
Accuracy = 66.57% -> 66.33%

25 [0, 1, 2, 3, 4, 5, 6, 7, 8, 9, 10, 12, 13, 14, 16, 18, 19, 20, 21, 22, 23, 24, 25, 57, 59]
Task: PC, Iter:108/405; Accuracy = 66.45%

thresh: 24.0
cls_count [ 62.  67.  58.  73.  90. 101.  69.  47.  70.  55.  77.   0.  83.  73.
  36.   4.  51.   0. 107.  24.  53.  51.  90. 128.  47.  52.   0.   0.
   0.   2.   0.   5.   1.   0.   1.   0.   0.   1.   0.   1.   0.   2.
   2.   1.   0.   0.   0.   0.   0.   1.   0.   0.   3.   0.   1.   0.
   0.  45.   0.  39.   0.   0.   1.   0.   1.]
Accuracy = 66.39% -> 66.09%

25 [0, 1, 2, 3, 4, 5, 6, 7, 8, 9, 10, 12, 13, 14, 16, 18, 19, 20, 21, 22, 23, 24, 25, 57, 59]
Task: PC, Iter:135/405; Accuracy = 66.69%

thresh: 25.0
cls_count [ 61.  67.  57.  74.  90. 105.  72.  47.  70.  54.  80.   0.  82.  73.
  36.   2.  53.   0. 110.  25.  53.  49.  90. 128.  49.  50.   0.   0.
   0.   2.   0.   5.   1.   0.   0.   0.   0.   0.   0.   1.   0.   1.
   1.   1.   0.   0.   0.   0.   0.   1.   0.   0.   2.   0.   1.   0.
   0.  45.   0.  36.   0.   0.   1.   0.   0.]
Accuracy = 66.51% -> 66.39%

25 [0, 1, 2, 3, 4, 5, 6, 7, 8, 9, 10, 12, 13, 14, 16, 18, 19, 20, 21, 22, 23, 24, 25, 57, 59]
Task: PC, Iter:162/405; Accuracy = 66.39%

thresh: 26.0
cls_count [ 62.  67.  58.  74.  90. 106.  71.  47.  70.  54.  78.   0.  81.  72.
  36.   2.  54.   0. 109.  26.  54.  51.  90. 128.  48.  54.   0.   0.
   0.   2.   0.   3.   1.   0.   0.   0.   0.   0.   0.   1.   0.   1.
   0.   1.   0.   0.   0.   0.   0.   0.   0.   0.   2.   0.   0.   0.
   0.  43.   0.  38.   0.   0.   1.   0.   0.]
Accuracy = 66.27% -> 66.21%

25 [0, 1, 2, 3, 4, 5, 6, 7, 8, 9, 10, 12, 13, 14, 16, 18, 19, 20, 21, 22, 23, 24, 25, 57, 59]
Task: PC, Iter:189/405; Accuracy = 66.57%

thresh: 27.0
cls_count [ 61.  68.  59.  73.  90. 105.  70.  47.  70.  55.  80.   0.  80.  73.
  36.   1.  54.   0. 113.  27.  54.  52.  89. 127.  48.  52.   0.   0.
   0.   2.   0.   2.   1.   0.   0.   0.   0.   0.   0.   0.   0.   1.
   0.   1.   0.   0.   0.   0.   0.   0.   0.   0.   0.   0.   0.   0.
   0.  45.   0.  38.   0.   0.   1.   0.   0.]
Accuracy = 66.39% -> 66.27%

25 [0, 1, 2, 3, 4, 5, 6, 7, 8, 9, 10, 12, 13, 14, 16, 18, 19, 20, 21, 22, 23, 24, 25, 57, 59]
Task: PC, Iter:216/405; Accuracy = 66.39%

thresh: 25.0
cls_count [ 62.  68.  59.  75.  91. 104.  71.  47.  70.  56.  80.   0.  80.  72.
  36.   1.  53.   0. 111.  25.  55.  52.  90. 125.  48.  54.   0.   0.
   0.   2.   0.   2.   0.   0.   0.   0.   0.   0.   0.   0.   0.   1.
   0.   1.   0.   0.   0.   0.   0.   0.   0.   0.   0.   0.   0.   0.
   0.  45.   0.  38.   0.   0.   1.   0.   0.]
Accuracy = 66.27% -> 66.27%

25 [0, 1, 2, 3, 4, 5, 6, 7, 8, 9, 10, 12, 13, 14, 16, 18, 19, 20, 21, 22, 23, 24, 25, 57, 59]
Task: PC, Iter:243/405; Accuracy = 66.51%

thresh: 25.0
cls_count [ 62.  67.  59.  75.  92. 102.  71.  47.  70.  56.  80.   0.  81.  72.
  36.   1.  56.   0. 112.  25.  54.  52.  90. 124.  48.  54.   0.   0.
   0.   2.   0.   2.   0.   0.   0.   0.   0.   0.   0.   0.   0.   0.
   0.   1.   0.   0.   0.   0.   0.   0.   0.   0.   0.   0.   0.   0.
   0.  46.   0.  37.   0.   0.   1.   0.   0.]
Accuracy = 66.45% -> 66.33%

25 [0, 1, 2, 3, 4, 5, 6, 7, 8, 9, 10, 12, 13, 14, 16, 18, 19, 20, 21, 22, 23, 24, 25, 57, 59]
Task: PC, Iter:270/405; Accuracy = 66.39%

thresh: 26.0
cls_count [ 62.  68.  59.  77.  92. 103.  71.  47.  70.  56.  80.   0.  78.  73.
  36.   0.  55.   0. 112.  26.  56.  52.  89. 123.  48.  56.   0.   0.
   0.   0.   0.   2.   0.   0.   0.   0.   0.   0.   0.   0.   0.   0.
   0.   1.   0.   0.   0.   0.   0.   0.   0.   0.   0.   0.   0.   0.
   0.  45.   0.  37.   0.   0.   1.   0.   0.]
Accuracy = 66.33% -> 66.33%

25 [0, 1, 2, 3, 4, 5, 6, 7, 8, 9, 10, 12, 13, 14, 16, 18, 19, 20, 21, 22, 23, 24, 25, 57, 59]
Task: PC, Iter:297/405; Accuracy = 66.39%

thresh: 26.0
cls_count [ 62.  68.  59.  77.  90. 102.  71.  47.  70.  56.  80.   0.  78.  73.
  37.   0.  56.   0. 112.  26.  56.  52.  88. 123.  49.  57.   0.   0.
   0.   0.   0.   2.   0.   0.   0.   0.   0.   0.   0.   0.   0.   0.
   0.   1.   0.   0.   0.   0.   0.   0.   0.   0.   0.   0.   0.   0.
   0.  44.   0.  38.   0.   0.   1.   0.   0.]
Accuracy = 66.33% -> 66.27%

25 [0, 1, 2, 3, 4, 5, 6, 7, 8, 9, 10, 12, 13, 14, 16, 18, 19, 20, 21, 22, 23, 24, 25, 57, 59]
Task: PC, Iter:324/405; Accuracy = 66.33%

thresh: 26.0
cls_count [ 62.  68.  59.  77.  92. 102.  71.  47.  70.  56.  81.   0.  78.  73.
  36.   0.  55.   0. 111.  26.  56.  52.  88. 124.  48.  57.   0.   0.
   0.   0.   0.   1.   0.   0.   0.   0.   0.   0.   0.   0.   0.   0.
   0.   1.   0.   0.   0.   0.   0.   0.   0.   0.   0.   0.   0.   0.
   0.  45.   0.  38.   0.   0.   1.   0.   0.]
Accuracy = 66.27% -> 66.27%

25 [0, 1, 2, 3, 4, 5, 6, 7, 8, 9, 10, 12, 13, 14, 16, 18, 19, 20, 21, 22, 23, 24, 25, 57, 59]
Task: PC, Iter:351/405; Accuracy = 66.39%

thresh: 1.0
cls_count [ 62.  68.  59.  77.  91. 102.  71.  47.  70.  56.  79.   0.  78.  73.
  37.   0.  55.   0. 111.  28.  56.  52.  88. 124.  49.  57.   0.   0.
   0.   0.   0.   1.   0.   0.   0.   0.   0.   0.   0.   0.   0.   0.
   0.   1.   0.   0.   0.   0.   0.   0.   0.   0.   0.   0.   0.   0.
   0.  44.   0.  38.   0.   0.   1.   0.   0.]
Accuracy = 66.33% -> 66.21%

28 [0, 1, 2, 3, 4, 5, 6, 7, 8, 9, 10, 12, 13, 14, 16, 18, 19, 20, 21, 22, 23, 24, 25, 31, 43, 57, 59, 62]
Task: PC, Iter:378/405; Accuracy = 66.33%

thresh: 28.0
cls_count [ 62.  68.  59.  77.  92. 102.  71.  47.  70.  56.  78.   0.  78.  72.
  36.   0.  55.   0. 112.  28.  56.  52.  88. 124.  49.  57.   0.   0.
   0.   0.   0.   1.   0.   0.   0.   0.   0.   0.   0.   0.   0.   0.
   0.   1.   0.   0.   0.   0.   0.   0.   0.   0.   0.   0.   0.   0.
   0.  44.   0.  39.   0.   0.   1.   0.   0.]
Accuracy = 66.33% -> 66.21%

25 [0, 1, 2, 3, 4, 5, 6, 7, 8, 9, 10, 12, 13, 14, 16, 18, 19, 20, 21, 22, 23, 24, 25, 57, 59]
Task: PC, Iter:405/405; Accuracy = 66.33%

