feat_classifier_dy(
  (fc): Dy_Linear(in_features=256, out_features=65, bias=True)
)
/opt/conda/lib/python3.7/site-packages/torchvision/models/_utils.py:209: UserWarning: The parameter 'pretrained' is deprecated since 0.13 and will be removed in 0.15, please use 'weights' instead.
  f"The parameter '{pretrained_param}' is deprecated since 0.13 and will be removed in 0.15, "
/opt/conda/lib/python3.7/site-packages/torchvision/models/_utils.py:223: UserWarning: Arguments other than a weight enum or `None` for 'weights' are deprecated since 0.13 and will be removed in 0.15. The current behavior is equivalent to passing `weights=ResNet50_Weights.IMAGENET1K_V1`. You can also use `weights=ResNet50_Weights.DEFAULT` to get the most up-to-date weights.
  warnings.warn(msg)
cls_count [ 65.  50.  14.  27.  61.  44.  10.  23.  20.  91.  26.  19.  21.  53.
  38.  38.  10.   7.  27.  11.  22.  47. 105.  21.  15.   3.   1.   3.
   6.   5.   5.   2.   2.   6.   4.   2.   4.   1.   4.   1.   1.   3.
   2.  11.   2.   0.  37.   0.   3.   0.   6.   1.   5.   2.   1.   9.
   5.   6.  14.   9.   3.  11.  34.   6.   4.]
Accuracy = 58.77% -> 66.02%

27
Task: PA, Iter:18/270; Accuracy = 69.88%

cls_count [68. 47. 33. 20. 73. 86.  8. 27. 25. 76. 36. 18. 64. 59. 38. 53.  4.  3.
 21. 12. 20. 56. 86. 26. 29.  1.  0.  0.  0.  2.  1.  1.  0.  0.  1.  1.
  1.  0.  1.  0.  1.  1.  2.  5.  0.  0. 25.  0.  1.  0.  0.  0.  1.  1.
  1.  1.  1.  0. 15.  1.  0.  3. 29.  3.  1.]
Accuracy = 70.80% -> 72.27%

25
Task: PA, Iter:36/270; Accuracy = 72.27%

cls_count [69. 51. 36. 22. 76. 86.  5. 29. 30. 73. 41. 21. 60. 63. 39. 55.  3.  0.
 21. 12. 23. 57. 90. 22. 31.  0.  0.  0.  0.  0.  0.  0.  0.  0.  1.  1.
  0.  0.  0.  0.  1.  1.  0.  5.  0.  0. 22.  0.  0.  0.  0.  0.  0.  0.
  0.  1.  0.  0. 10.  0.  0.  3. 28.  1.  0.]
Accuracy = 72.45% -> 73.92%

24
Task: PA, Iter:54/270; Accuracy = 73.09%

cls_count [68. 51. 40. 21. 78. 90.  2. 30. 30. 74. 44. 22. 61. 61. 38. 57.  0.  0.
 20. 11. 23. 57. 91. 22. 33.  0.  0.  0.  0.  0.  0.  0.  0.  0.  1.  1.
  0.  0.  0.  0.  0.  1.  0.  3.  0.  0. 22.  0.  0.  0.  0.  0.  0.  0.
  0.  0.  0.  0.  7.  0.  0.  0. 30.  0.  0.]
Accuracy = 72.82% -> 74.01%

24
Task: PA, Iter:72/270; Accuracy = 73.37%

cls_count [68. 51. 40. 25. 78. 90.  1. 30. 29. 74. 43. 22. 57. 62. 38. 58.  0.  0.
 21. 12. 23. 58. 92. 24. 34.  0.  0.  0.  0.  0.  0.  0.  0.  0.  1.  1.
  0.  0.  0.  0.  0.  0.  0.  2.  0.  0. 22.  0.  0.  0.  0.  0.  0.  0.
  0.  0.  0.  0.  3.  0.  0.  0. 30.  0.  0.]
Accuracy = 73.37% -> 73.92%

24
Task: PA, Iter:90/270; Accuracy = 73.46%

cls_count [70. 51. 40. 26. 75. 91.  0. 30. 29. 75. 45. 22. 57. 59. 37. 62.  0.  0.
 21. 12. 23. 58. 90. 25. 33.  0.  0.  0.  0.  0.  0.  0.  0.  0.  1.  1.
  0.  0.  0.  0.  0.  0.  0.  2.  0.  0. 22.  0.  0.  0.  0.  0.  0.  0.
  0.  0.  0.  0.  2.  0.  0.  0. 30.  0.  0.]
Accuracy = 73.37% -> 73.74%

24
Task: PA, Iter:108/270; Accuracy = 73.46%

cls_count [68. 51. 40. 27. 78. 91.  0. 30. 29. 75. 43. 22. 58. 60. 38. 61.  0.  0.
 21. 12. 23. 57. 90. 24. 33.  0.  0.  0.  0.  0.  0.  0.  0.  0.  0.  0.
  0.  0.  0.  0.  0.  0.  0.  2.  0.  0. 23.  0.  0.  0.  0.  0.  0.  0.
  0.  0.  0.  0.  2.  0.  0.  0. 31.  0.  0.]
Accuracy = 73.46% -> 73.74%

24
Task: PA, Iter:126/270; Accuracy = 73.65%

cls_count [70. 51. 41. 27. 75. 90.  0. 30. 29. 75. 43. 22. 58. 60. 39. 61.  0.  0.
 22. 12. 23. 57. 90. 25. 34.  0.  0.  0.  0.  0.  0.  0.  0.  0.  0.  0.
  0.  0.  0.  0.  0.  0.  0.  2.  0.  0. 22.  0.  0.  0.  0.  0.  0.  0.
  0.  0.  0.  0.  0.  0.  0.  0. 31.  0.  0.]
Accuracy = 73.65% -> 73.74%

24
Task: PA, Iter:144/270; Accuracy = 73.65%

cls_count [69. 51. 41. 27. 78. 89.  0. 30. 29. 75. 43. 22. 58. 60. 39. 60.  0.  0.
 22. 12. 23. 57. 91. 25. 34.  0.  0.  0.  0.  0.  0.  0.  0.  0.  0.  0.
  0.  0.  0.  0.  0.  0.  0.  2.  0.  0. 23.  0.  0.  0.  0.  0.  0.  0.
  0.  0.  0.  0.  0.  0.  0.  0. 29.  0.  0.]
Accuracy = 73.65% -> 73.74%

24
Task: PA, Iter:162/270; Accuracy = 73.74%

cls_count [70. 51. 41. 27. 77. 89.  0. 30. 29. 75. 43. 23. 58. 60. 39. 60.  0.  0.
 22. 12. 23. 57. 91. 25. 34.  0.  0.  0.  0.  0.  0.  0.  0.  0.  0.  0.
  0.  0.  0.  0.  0.  0.  0.  1.  0.  0. 23.  0.  0.  0.  0.  0.  0.  0.
  0.  0.  0.  0.  0.  0.  0.  0. 29.  0.  0.]
Accuracy = 73.74% -> 73.83%

24
Task: PA, Iter:180/270; Accuracy = 73.74%

cls_count [69. 50. 41. 28. 78. 89.  0. 30. 29. 75. 43. 23. 58. 60. 39. 60.  0.  0.
 22. 12. 23. 57. 91. 25. 34.  0.  0.  0.  0.  0.  0.  0.  0.  0.  0.  0.
  0.  0.  0.  0.  0.  0.  0.  1.  0.  0. 23.  0.  0.  0.  0.  0.  0.  0.
  0.  0.  0.  0.  0.  0.  0.  0. 29.  0.  0.]
Accuracy = 73.74% -> 73.74%

24
Task: PA, Iter:198/270; Accuracy = 73.92%

cls_count [70. 50. 41. 28. 77. 89.  0. 30. 29. 75. 43. 23. 57. 60. 39. 60.  0.  0.
 22. 12. 24. 57. 90. 25. 34.  0.  0.  0.  0.  0.  0.  0.  0.  0.  0.  0.
  0.  0.  0.  0.  0.  0.  0.  1.  0.  0. 23.  0.  0.  0.  0.  0.  0.  0.
  0.  0.  0.  0.  0.  0.  0.  0. 30.  0.  0.]
Accuracy = 73.92% -> 73.74%

24
Task: PA, Iter:216/270; Accuracy = 73.83%

cls_count [69. 50. 42. 28. 78. 89.  0. 30. 29. 75. 43. 23. 57. 60. 39. 60.  0.  0.
 22. 12. 24. 57. 90. 25. 34.  0.  0.  0.  0.  0.  0.  0.  0.  0.  0.  0.
  0.  0.  0.  0.  0.  0.  0.  0.  0.  0. 23.  0.  0.  0.  0.  0.  0.  0.
  0.  0.  0.  0.  0.  0.  0.  0. 30.  0.  0.]
Accuracy = 73.83% -> 73.83%

24
Task: PA, Iter:234/270; Accuracy = 73.83%

cls_count [69. 50. 42. 28. 78. 89.  0. 30. 29. 75. 43. 23. 57. 60. 39. 60.  0.  0.
 22. 12. 24. 57. 91. 25. 34.  0.  0.  0.  0.  0.  0.  0.  0.  0.  0.  0.
  0.  0.  0.  0.  0.  0.  0.  0.  0.  0. 23.  0.  0.  0.  0.  0.  0.  0.
  0.  0.  0.  0.  0.  0.  0.  0. 29.  0.  0.]
Accuracy = 73.83% -> 73.83%

24
Task: PA, Iter:252/270; Accuracy = 73.83%

cls_count [69. 50. 42. 28. 78. 89.  0. 30. 29. 75. 43. 23. 57. 60. 39. 60.  0.  0.
 22. 12. 24. 57. 91. 25. 34.  0.  0.  0.  0.  0.  0.  0.  0.  0.  0.  0.
  0.  0.  0.  0.  0.  0.  0.  0.  0.  0. 23.  0.  0.  0.  0.  0.  0.  0.
  0.  0.  0.  0.  0.  0.  0.  0. 29.  0.  0.]
Accuracy = 73.83% -> 73.83%

24
Task: PA, Iter:270/270; Accuracy = 73.83%

feat_classifier_dy(
  (fc): Dy_Linear(in_features=256, out_features=65, bias=True)
)
cls_count [ 83.  99.  35.  71.  97.  35.  55.  72.  73. 108.  71.  28.  35.  82.
  71.  76.  35.  25.  77.  33.  52.  78.  79.  47.  22.   4.   3.   4.
   3.   9.   5.   4.  13.   7.   7.   4.   2.   0.   8.   0.   1.   3.
  11.  14.   3.   2.  11.   3.   7.   1.   7.   6.  14.   4.   2.  45.
  13.   7.   2.  25.   1.   5.   5.   6.   1.]
Accuracy = 77.03% -> 82.33%

33
Task: PR, Iter:29/435; Accuracy = 86.97%

cls_count [ 89. 100.  63.  83.  99.  30.  76.  74.  75.  97.  85.  37.  54.  79.
  80.  76.  33.  32.  81.  41.  57.  88.  76.  54.  32.   0.   0.   0.
   0.   2.   0.   0.   8.   0.   2.   0.   0.   0.   1.   0.   0.   0.
  16.   9.   0.   0.   3.   0.   3.   1.   0.   0.   6.   1.   0.  53.
   9.   1.   1.   4.   0.   0.   0.   0.   0.]
Accuracy = 86.69% -> 89.12%

27
Task: PR, Iter:58/435; Accuracy = 88.51%

cls_count [ 86. 100.  61.  82.  99.  24.  78.  74.  74.  98.  89.  44.  58.  78.
  81.  79.  34.  35.  85.  42.  62.  86.  76.  63.  31.   0.   0.   0.
   0.   1.   0.   0.   5.   0.   1.   0.   0.   0.   0.   0.   0.   0.
  17.   2.   0.   0.   1.   0.   0.   0.   0.   0.   3.   0.   0.  55.
   4.   0.   1.   1.   0.   0.   0.   1.   0.]
Accuracy = 87.96% -> 89.07%

27
Task: PR, Iter:87/435; Accuracy = 89.34%

cls_count [ 86. 100.  63.  88.  99.  26.  78.  74.  72.  98.  88.  49.  64.  79.
  79.  78.  34.  35.  85.  44.  58.  86.  76.  61.  33.   0.   0.   0.
   0.   1.   0.   0.   0.   0.   0.   0.   0.   0.   0.   0.   0.   0.
  17.   2.   0.   0.   1.   0.   0.   0.   0.   0.   1.   0.   0.  54.
   2.   0.   0.   0.   0.   0.   0.   0.   0.]
Accuracy = 89.23% -> 89.40%

27
Task: PR, Iter:116/435; Accuracy = 89.07%

cls_count [ 86. 100.  64.  88.  99.  26.  78.  74.  73.  98.  87.  48.  63.  80.
  79.  78.  34.  33.  85.  44.  59.  87.  76.  61.  32.   0.   0.   0.
   0.   1.   0.   0.   0.   0.   0.   0.   0.   0.   0.   0.   0.   0.
  20.   1.   0.   0.   1.   0.   0.   0.   0.   0.   0.   0.   0.  54.
   2.   0.   0.   0.   0.   0.   0.   0.   0.]
Accuracy = 89.01% -> 89.51%

27
Task: PR, Iter:145/435; Accuracy = 89.18%

cls_count [ 86. 100.  64.  88.  99.  26.  79.  74.  73.  98.  88.  49.  62.  78.
  79.  78.  34.  33.  84.  45.  60.  87.  76.  62.  32.   0.   0.   0.
   0.   1.   0.   0.   0.   0.   0.   0.   0.   0.   0.   0.   0.   0.
  20.   1.   0.   0.   0.   0.   0.   0.   0.   0.   0.   0.   0.  54.
   1.   0.   0.   0.   0.   0.   0.   0.   0.]
Accuracy = 89.18% -> 89.45%

27
Task: PR, Iter:174/435; Accuracy = 89.23%

cls_count [ 86. 100.  65.  88.  99.  25.  79.  74.  73.  98.  88.  47.  62.  78.
  79.  77.  34.  33.  85.  47.  60.  88.  75.  61.  32.   0.   0.   0.
   0.   1.   0.   0.   0.   0.   0.   0.   0.   0.   0.   0.   0.   0.
  20.   0.   0.   0.   0.   0.   0.   0.   0.   0.   0.   0.   0.  55.
   2.   0.   0.   0.   0.   0.   0.   0.   0.]
Accuracy = 89.23% -> 89.34%

27
Task: PR, Iter:203/435; Accuracy = 89.40%

cls_count [ 86. 100.  65.  89.  99.  27.  79.  74.  73.  98.  88.  48.  62.  78.
  79.  76.  34.  33.  84.  47.  59.  87.  76.  63.  32.   0.   0.   0.
   0.   1.   0.   0.   0.   0.   0.   0.   0.   0.   0.   0.   0.   0.
  20.   0.   0.   0.   0.   0.   0.   0.   0.   0.   0.   0.   0.  53.
   1.   0.   0.   0.   0.   0.   0.   0.   0.]
Accuracy = 89.34% -> 89.40%

27
Task: PR, Iter:232/435; Accuracy = 89.29%

cls_count [ 86. 100.  65.  90.  99.  26.  80.  74.  73.  98.  88.  49.  62.  78.
  78.  76.  34.  33.  85.  48.  58.  86.  76.  61.  32.   0.   0.   0.
   0.   1.   0.   0.   0.   0.   0.   0.   0.   0.   0.   0.   0.   0.
  20.   0.   0.   0.   0.   0.   0.   0.   0.   0.   0.   0.   0.  54.
   1.   0.   0.   0.   0.   0.   0.   0.   0.]
Accuracy = 89.29% -> 89.40%

27
Task: PR, Iter:261/435; Accuracy = 89.23%

cls_count [ 86. 100.  65.  90.  99.  26.  80.  74.  74.  98.  88.  49.  62.  78.
  79.  76.  34.  33.  84.  48.  58.  86.  76.  61.  32.   0.   0.   0.
   0.   0.   0.   0.   0.   0.   0.   0.   0.   0.   0.   0.   0.   0.
  20.   0.   0.   0.   0.   0.   0.   0.   0.   0.   0.   0.   0.  54.
   1.   0.   0.   0.   0.   0.   0.   0.   0.]
Accuracy = 89.23% -> 89.40%

27
Task: PR, Iter:290/435; Accuracy = 89.40%

cls_count [ 86. 100.  64.  90.  99.  28.  80.  74.  74.  98.  88.  49.  62.  78.
  79.  76.  34.  33.  84.  48.  58.  86.  76.  61.  32.   0.   0.   0.
   0.   0.   0.   0.   0.   0.   0.   0.   0.   0.   0.   0.   0.   0.
  20.   0.   0.   0.   0.   0.   0.   0.   0.   0.   0.   0.   0.  53.
   1.   0.   0.   0.   0.   0.   0.   0.   0.]
Accuracy = 89.34% -> 89.40%

27
Task: PR, Iter:319/435; Accuracy = 89.45%

cls_count [ 86. 100.  64.  90.  99.  28.  80.  74.  74.  98.  88.  49.  62.  78.
  78.  76.  34.  33.  85.  48.  58.  86.  76.  61.  32.   0.   0.   0.
   0.   0.   0.   0.   0.   0.   0.   0.   0.   0.   0.   0.   0.   0.
  20.   0.   0.   0.   0.   0.   0.   0.   0.   0.   0.   0.   0.  53.
   1.   0.   0.   0.   0.   0.   0.   0.   0.]
Accuracy = 89.40% -> 89.45%

27
Task: PR, Iter:348/435; Accuracy = 89.29%

cls_count [ 86. 100.  64.  90.  99.  28.  79.  74.  74.  98.  87.  49.  62.  80.
  78.  76.  34.  33.  85.  48.  58.  86.  76.  61.  32.   0.   0.   0.
   0.   0.   0.   0.   0.   0.   0.   0.   0.   0.   0.   0.   0.   0.
  20.   0.   0.   0.   0.   0.   0.   0.   0.   0.   0.   0.   0.  53.
   1.   0.   0.   0.   0.   0.   0.   0.   0.]
Accuracy = 89.29% -> 89.34%

27
Task: PR, Iter:377/435; Accuracy = 89.34%

cls_count [ 86. 100.  64.  90.  99.  27.  80.  74.  74.  98.  88.  49.  62.  78.
  78.  76.  34.  33.  85.  48.  58.  86.  76.  61.  32.   0.   0.   0.
   0.   0.   0.   0.   0.   0.   0.   0.   0.   0.   0.   0.   0.   0.
  20.   0.   0.   0.   0.   0.   0.   0.   0.   0.   0.   0.   0.  54.
   1.   0.   0.   0.   0.   0.   0.   0.   0.]
Accuracy = 89.34% -> 89.45%

27
Task: PR, Iter:406/435; Accuracy = 89.40%

cls_count [ 86. 100.  64.  90.  99.  28.  80.  74.  74.  98.  88.  49.  62.  78.
  78.  76.  34.  33.  85.  48.  58.  86.  76.  61.  32.   0.   0.   0.
   0.   0.   0.   0.   0.   0.   0.   0.   0.   0.   0.   0.   0.   0.
  20.   0.   0.   0.   0.   0.   0.   0.   0.   0.   0.   0.   0.  53.
   1.   0.   0.   0.   0.   0.   0.   0.   0.]
Accuracy = 89.40% -> 89.40%

27
Task: PR, Iter:435/435; Accuracy = 89.40%

feat_classifier_dy(
  (fc): Dy_Linear(in_features=256, out_features=65, bias=True)
)
cls_count [ 45.  37.  18.  23.  85.  63.  42.  45.  64.  30.  80.  14.  36.  39.
  25.  66.  22.   7. 127.  19.  43.  39.  78. 127.  37.  40.   3.   6.
   9.   3.  25.  19.   9.   9.  25.   9.  21.  13.  13.   2.   1.  14.
   8.  10.  10.   2.   8.   0.   7.   3.  27.   3.  18.   2.   4.   9.
   4.  19.   9.  31.   2.   2.  44.  16.   5.]
Accuracy = 49.01% -> 55.94%

38
Task: PC, Iter:27/405; Accuracy = 64.54%

cls_count [ 59.  59.  39.  32.  98. 108.  68.  46.  69.  51.  91.  17.  82.  66.
  33.  34.  34.   0. 106.  15.  42.  46.  97. 135.  24.  30.   0.   0.
   0.   2.  17.  15.   1.   0.  11.   3.  15.  11.   6.   0.   0.   5.
   4.   1.   0.   1.   3.   1.   0.   2.  10.   1.   9.   0.   1.   0.
   0.  32.   0.  24.   0.   0.  14.   5.   0.]
Accuracy = 64.18% -> 63.94%

33
Task: PC, Iter:54/405; Accuracy = 65.61%

cls_count [ 61.  62.  39.  36.  97. 117.  65.  46.  68.  48. 101.  14.  86.  71.
  36.  38.  35.   0. 116.  15.  45.  44.  99. 150.  25.  28.   0.   0.
   0.   0.  17.  10.   0.   0.  10.   0.  10.  19.   3.   0.   0.   3.
   1.   0.   0.   0.   0.   0.   0.   0.   6.   1.   1.   0.   0.   0.
   0.  27.   0.  19.   0.   0.   6.   0.   0.]
Accuracy = 65.49% -> 66.27%

29
Task: PC, Iter:81/405; Accuracy = 66.63%

cls_count [ 60.  68.  43.  38.  99. 111.  58.  45.  70.  47. 105.  15.  89.  72.
  34.  37.  33.   0. 118.  16.  45.  43. 101. 148.  27.  29.   0.   0.
   0.   0.  20.   5.   0.   0.   5.   0.  10.  22.   3.   0.   0.   3.
   1.   0.   0.   0.   0.   0.   0.   0.   5.   0.   1.   0.   0.   0.
   0.  27.   0.  19.   0.   0.   3.   0.   0.]
Accuracy = 66.21% -> 66.27%

29
Task: PC, Iter:108/405; Accuracy = 66.69%

cls_count [ 60.  70.  43.  38. 101. 104.  62.  46.  70.  48. 103.  17.  92.  73.
  34.  36.  34.   0. 118.  16.  45.  44. 100. 147.  26.  30.   0.   0.
   0.   0.  22.   5.   0.   0.   0.   0.   9.  27.   2.   0.   0.   2.
   0.   0.   0.   0.   0.   0.   0.   0.   2.   0.   1.   0.   0.   0.
   0.  28.   0.  19.   0.   0.   1.   0.   0.]
Accuracy = 66.45% -> 66.45%

29
Task: PC, Iter:135/405; Accuracy = 66.57%

cls_count [ 60.  68.  43.  38. 101. 108.  61.  46.  69.  46. 103.  18.  91.  74.
  34.  37.  34.   0. 120.  15.  46.  43. 101. 149.  26.  30.   0.   0.
   0.   0.  21.   5.   0.   0.   0.   0.   9.  27.   1.   0.   0.   1.
   0.   0.   0.   0.   0.   0.   0.   0.   1.   0.   1.   0.   0.   0.
   0.  29.   0.  18.   0.   0.   1.   0.   0.]
Accuracy = 66.33% -> 66.57%

29
Task: PC, Iter:162/405; Accuracy = 66.39%

cls_count [ 60.  69.  43.  38. 101. 104.  62.  45.  70.  46. 104.  28.  89.  74.
  34.  40.  33.   0. 121.  16.  48.  43. 101. 149.  25.  30.   0.   0.
   0.   0.  25.   3.   0.   0.   0.   0.   0.  27.   0.   0.   0.   1.
   0.   0.   0.   0.   0.   0.   0.   0.   0.   0.   1.   0.   0.   0.
   0.  27.   0.  17.   0.   0.   1.   0.   0.]
Accuracy = 66.21% -> 66.63%

29
Task: PC, Iter:189/405; Accuracy = 66.87%

cls_count [ 60.  70.  43.  38. 101. 107.  61.  46.  69.  46. 104.  28.  89.  73.
  34.  34.  34.   0. 123.  16.  48.  45. 101. 148.  26.  29.   0.   0.
   0.   0.  25.   3.   0.   0.   0.   0.   0.  27.   0.   0.   0.   1.
   0.   0.   0.   0.   0.   0.   0.   0.   0.   0.   1.   0.   0.   0.
   0.  27.   0.  17.   0.   0.   1.   0.   0.]
Accuracy = 66.69% -> 66.63%

29
Task: PC, Iter:216/405; Accuracy = 66.75%

cls_count [ 60.  70.  43.  38. 101. 104.  63.  46.  69.  46. 103.  28.  90.  74.
  34.  36.  34.   0. 123.  16.  48.  44. 101. 146.  26.  31.   0.   0.
   0.   0.  25.   1.   0.   0.   0.   0.   0.  29.   0.   0.   0.   0.
   0.   0.   0.   0.   0.   0.   0.   0.   0.   0.   1.   0.   0.   0.
   0.  27.   0.  17.   0.   0.   1.   0.   0.]
Accuracy = 66.63% -> 66.75%

29
Task: PC, Iter:243/405; Accuracy = 66.63%

cls_count [ 60.  70.  43.  38. 101. 105.  63.  46.  69.  46. 103.  29.  89.  74.
  34.  37.  34.   0. 123.  15.  48.  44. 102. 147.  26.  30.   0.   0.
   0.   0.  25.   0.   0.   0.   0.   0.   0.  28.   0.   0.   0.   0.
   0.   0.   0.   0.   0.   0.   0.   0.   0.   0.   1.   0.   0.   0.
   0.  27.   0.  17.   0.   0.   1.   0.   0.]
Accuracy = 66.57% -> 66.75%

29
Task: PC, Iter:270/405; Accuracy = 66.75%

cls_count [ 60.  70.  43.  38. 101. 106.  63.  46.  69.  46. 104.  30.  88.  74.
  34.  37.  34.   0. 123.  16.  48.  44. 101. 146.  26.  30.   0.   0.
   0.   0.  25.   0.   0.   0.   0.   0.   0.  27.   0.   0.   0.   0.
   0.   0.   0.   0.   0.   0.   0.   0.   0.   0.   1.   0.   0.   0.
   0.  27.   0.  17.   0.   0.   1.   0.   0.]
Accuracy = 66.69% -> 66.69%

29
Task: PC, Iter:297/405; Accuracy = 66.75%

cls_count [ 60.  70.  44.  38. 101. 104.  63.  46.  69.  46. 103.  29.  89.  73.
  34.  38.  33.   0. 123.  16.  48.  44. 101. 149.  26.  30.   0.   0.
   0.   0.  24.   0.   0.   0.   0.   0.   0.  28.   0.   0.   0.   0.
   0.   0.   0.   0.   0.   0.   0.   0.   0.   0.   1.   0.   0.   0.
   0.  27.   0.  17.   0.   0.   1.   0.   0.]
Accuracy = 66.69% -> 66.75%

29
Task: PC, Iter:324/405; Accuracy = 66.63%

cls_count [ 60.  70.  43.  38. 101. 105.  63.  46.  69.  46. 103.  29.  89.  74.
  34.  38.  33.   0. 123.  16.  48.  44. 101. 148.  26.  30.   0.   0.
   0.   0.  24.   0.   0.   0.   0.   0.   0.  28.   0.   0.   0.   0.
   0.   0.   0.   0.   0.   0.   0.   0.   0.   0.   1.   0.   0.   0.
   0.  27.   0.  17.   0.   0.   1.   0.   0.]
Accuracy = 66.57% -> 66.69%

29
Task: PC, Iter:351/405; Accuracy = 66.75%

cls_count [ 60.  70.  44.  38. 101. 105.  63.  46.  69.  46. 103.  29.  89.  74.
  34.  37.  33.   0. 123.  16.  48.  44. 101. 148.  26.  31.   0.   0.
   0.   0.  25.   0.   0.   0.   0.   0.   0.  27.   0.   0.   0.   0.
   0.   0.   0.   0.   0.   0.   0.   0.   0.   0.   1.   0.   0.   0.
   0.  27.   0.  17.   0.   0.   0.   0.   0.]
Accuracy = 66.75% -> 66.69%

29
Task: PC, Iter:378/405; Accuracy = 66.75%

cls_count [ 60.  70.  43.  38. 101. 105.  63.  46.  69.  46. 103.  29.  90.  73.
  34.  37.  34.   0. 123.  16.  48.  44. 101. 149.  26.  30.   0.   0.
   0.   0.  24.   0.   0.   0.   0.   0.   0.  28.   0.   0.   0.   0.
   0.   0.   0.   0.   0.   0.   0.   0.   0.   0.   0.   0.   0.   0.
   0.  27.   0.  17.   0.   0.   1.   0.   0.]
Accuracy = 66.69% -> 66.75%

29
Task: PC, Iter:405/405; Accuracy = 66.75%

