Namespace(batch_size=64, bottleneck=256, class_num=65, classifier='bn', cls_par=0.3, da='pda', distance='cosine', dset='office-home', ent=True, ent_par=1.0, epsilon=1e-05, gent=True, gpu_id='1', interval=15, issave=False, layer='wn', lr=0.01, lr_decay1=0.1, lr_decay2=1.0, max_epoch=15, name='RP', net='resnet50', out_file=<_io.TextIOWrapper name='ckpt/target/pda/office-home/RP/log_par_0.3_thr0.txt' mode='w' encoding='UTF-8'>, output='ckpt/target', output_dir='ckpt/target/pda/office-home/RP', output_dir_src='ckpt/source/pda/office-home/R', output_src='ckpt/source', s=1, s_dset_path='./data/office-home/RealWorld.txt', savename='par_0.3_thr0', seed=2020, src_classes=[0, 1, 2, 3, 4, 5, 6, 7, 8, 9, 10, 11, 12, 13, 14, 15, 16, 17, 18, 19, 20, 21, 22, 23, 24, 25, 26, 27, 28, 29, 30, 31, 32, 33, 34, 35, 36, 37, 38, 39, 40, 41, 42, 43, 44, 45, 46, 47, 48, 49, 50, 51, 52, 53, 54, 55, 56, 57, 58, 59, 60, 61, 62, 63, 64], t=0, t_dset_path='./data/office-home/Product.txt', tar_classes=[0, 1, 2, 3, 4, 5, 6, 7, 8, 9, 10, 11, 12, 13, 14, 15, 16, 17, 18, 19, 20, 21, 22, 23, 24], test_dset_path='./data/office-home/Product.txt', threshold=0, worker=4)
/opt/conda/lib/python3.7/site-packages/torchvision/models/_utils.py:209: UserWarning: The parameter 'pretrained' is deprecated since 0.13 and will be removed in 0.15, please use 'weights' instead.
  f"The parameter '{pretrained_param}' is deprecated since 0.13 and will be removed in 0.15, "
/opt/conda/lib/python3.7/site-packages/torchvision/models/_utils.py:223: UserWarning: Arguments other than a weight enum or `None` for 'weights' are deprecated since 0.13 and will be removed in 0.15. The current behavior is equivalent to passing `weights=ResNet50_Weights.IMAGENET1K_V1`. You can also use `weights=ResNet50_Weights.DEFAULT` to get the most up-to-date weights.
  warnings.warn(msg)
cls_count [ 70. 106.  55.  46.  43.  28.  52.  76.  93.  36.  90.  40.  24.  88.
  76.  74.  64.  25.  68.  41.  67.  76.  65.  65.  32.   1.   0.   4.
  12.   8.   0.   8.  12.   9.  16.   2.   7.   2.  24.   6.   1.   6.
  17.   0.  15.   7.   4.   6.   8.   1.   0.   1.   5.   4.   4.   6.
  29.   2.   0.   1.   1.  13.  13.  22.   8.]
Accuracy = 76.64% -> 74.68%

63 [0, 1, 2, 3, 4, 5, 6, 7, 8, 9, 10, 11, 12, 13, 14, 15, 16, 17, 18, 19, 20, 21, 22, 23, 24, 25, 26, 27, 28, 29, 31, 32, 33, 34, 35, 36, 37, 38, 39, 40, 41, 42, 43, 44, 45, 46, 47, 48, 49, 50, 52, 53, 54, 55, 56, 57, 58, 59, 60, 61, 62, 63, 64]
Task: RP, Iter:28/420; Accuracy = 79.55%

thresh: 25.0
cls_count [73. 98. 51. 48. 44. 48. 52. 73. 80. 45. 86. 44. 16. 88. 76. 76. 63. 27.
 65. 45. 57. 85. 69. 56. 33.  0.  0.  5.  5. 12.  0.  6. 13.  3.  8.  2.
  6.  2. 16.  7.  2.  3. 17.  0. 18.  6.  1.  1.  6. 10.  2.  0.  3.  8.
  0.  1. 63.  0.  1.  3.  1.  8. 25. 19.  4.]
Accuracy = 79.55% -> 84.76%

26 [0, 1, 2, 3, 4, 5, 6, 7, 8, 9, 10, 11, 13, 14, 15, 16, 17, 18, 19, 20, 21, 22, 23, 24, 56, 62]
Task: RP, Iter:56/420; Accuracy = 85.15%

thresh: 16.0
cls_count [75. 98. 69. 48. 44. 49. 55. 76. 82. 44. 86. 56.  8. 89. 77. 79. 64. 32.
 65. 46. 60. 91. 64. 75. 37.  0.  0.  1.  2.  6.  0.  7. 12.  1.  4.  2.
  6.  1.  5.  0.  1.  1. 11.  0.  5.  1.  0.  0.  1.  0.  0.  0.  1.  7.
  0.  0. 81.  0.  0.  3.  1.  5. 32. 16.  3.]
Accuracy = 83.03% -> 85.04%

27 [0, 1, 2, 3, 4, 5, 6, 7, 8, 9, 10, 11, 13, 14, 15, 16, 17, 18, 19, 20, 21, 22, 23, 24, 56, 62, 63]
Task: RP, Iter:84/420; Accuracy = 85.38%

thresh: 17.0
cls_count [76. 95. 72. 48. 43. 52. 55. 81. 82. 47. 86. 64.  1. 91. 77. 81. 66. 33.
 65. 46. 64. 92. 62. 76. 38.  0.  0.  1.  2.  2.  0.  4. 10.  0.  4.  2.
  4.  1.  2.  0.  0.  0.  6.  0.  3.  0.  0.  0.  1.  0.  0.  0.  1.  3.
  0.  0. 90.  0.  0.  0.  0.  4. 34. 17.  1.]
Accuracy = 84.31% -> 85.55%

27 [0, 1, 2, 3, 4, 5, 6, 7, 8, 9, 10, 11, 13, 14, 15, 16, 17, 18, 19, 20, 21, 22, 23, 24, 56, 62, 63]
Task: RP, Iter:112/420; Accuracy = 85.55%

thresh: 17.0
cls_count [76. 98. 73. 48. 43. 51. 55. 81. 82. 48. 86. 69.  0. 91. 77. 84. 66. 33.
 65. 46. 65. 92. 66. 76. 39.  0.  0.  0.  1.  2.  0.  3.  6.  0.  2.  1.
  3.  0.  1.  0.  0.  0.  2.  0.  3.  0.  0.  0.  1.  0.  0.  0.  1.  1.
  0.  0. 96.  0.  0.  0.  0.  3. 31. 17.  1.]
Accuracy = 84.93% -> 85.60%

27 [0, 1, 2, 3, 4, 5, 6, 7, 8, 9, 10, 11, 13, 14, 15, 16, 17, 18, 19, 20, 21, 22, 23, 24, 56, 62, 63]
Task: RP, Iter:140/420; Accuracy = 85.55%

thresh: 17.0
cls_count [77. 96. 71. 49. 43. 53. 55. 82. 83. 48. 86. 68.  0. 90. 77. 85. 66. 36.
 65. 46. 65. 92. 64. 76. 39.  0.  0.  0.  1.  1.  0.  2.  5.  0.  2.  0.
  2.  0.  0.  0.  0.  0.  2.  0.  3.  0.  0.  0.  0.  0.  0.  0.  1.  1.
  0.  0. 99.  0.  0.  0.  0.  3. 33. 17.  1.]
Accuracy = 85.10% -> 85.60%

27 [0, 1, 2, 3, 4, 5, 6, 7, 8, 9, 10, 11, 13, 14, 15, 16, 17, 18, 19, 20, 21, 22, 23, 24, 56, 62, 63]
Task: RP, Iter:168/420; Accuracy = 85.77%

thresh: 17.0
cls_count [77. 96. 71. 49. 43. 53. 56. 82. 83. 48. 87. 68.  0. 89. 78. 85. 66. 37.
 66. 46. 65. 92. 64. 77. 39.  0.  0.  0.  0.  1.  0.  1.  5.  0.  2.  0.
  2.  0.  0.  0.  0.  0.  1.  0.  2.  0.  0.  0.  0.  0.  0.  0.  1.  1.
  0.  0. 99.  0.  0.  0.  0.  2. 33. 17.  1.]
Accuracy = 85.43% -> 85.60%

27 [0, 1, 2, 3, 4, 5, 6, 7, 8, 9, 10, 11, 13, 14, 15, 16, 17, 18, 19, 20, 21, 22, 23, 24, 56, 62, 63]
Task: RP, Iter:196/420; Accuracy = 85.71%

thresh: 18.0
cls_count [ 77.  98.  69.  49.  43.  50.  56.  82.  83.  50.  87.  69.   0.  88.
  78.  85.  66.  39.  66.  46.  65.  92.  64.  79.  39.   0.   0.   0.
   0.   1.   0.   1.   3.   0.   2.   0.   2.   0.   0.   0.   0.   0.
   1.   0.   1.   0.   0.   0.   0.   0.   0.   0.   1.   1.   0.   0.
 101.   0.   0.   0.   0.   1.  32.  18.   0.]
Accuracy = 85.49% -> 85.71%

27 [0, 1, 2, 3, 4, 5, 6, 7, 8, 9, 10, 11, 13, 14, 15, 16, 17, 18, 19, 20, 21, 22, 23, 24, 56, 62, 63]
Task: RP, Iter:224/420; Accuracy = 85.71%

thresh: 18.0
cls_count [ 77.  98.  68.  49.  43.  50.  56.  82.  83.  50.  87.  68.   0.  88.
  78.  85.  66.  40.  66.  46.  66.  93.  64.  81.  39.   0.   0.   0.
   0.   0.   0.   1.   1.   0.   2.   0.   2.   0.   0.   0.   0.   0.
   1.   0.   0.   0.   0.   0.   0.   0.   0.   0.   1.   0.   0.   0.
 103.   0.   0.   0.   0.   1.  32.  18.   0.]
Accuracy = 85.66% -> 85.71%

27 [0, 1, 2, 3, 4, 5, 6, 7, 8, 9, 10, 11, 13, 14, 15, 16, 17, 18, 19, 20, 21, 22, 23, 24, 56, 62, 63]
Task: RP, Iter:252/420; Accuracy = 85.55%

thresh: 18.0
cls_count [ 77.  98.  68.  50.  43.  50.  56.  82.  83.  50.  87.  69.   0.  87.
  78.  86.  66.  40.  66.  46.  66.  93.  64.  79.  39.   0.   0.   0.
   0.   0.   0.   1.   1.   0.   1.   0.   2.   0.   0.   0.   0.   0.
   1.   0.   0.   0.   0.   0.   0.   0.   0.   0.   0.   0.   0.   0.
 104.   0.   0.   0.   0.   2.  32.  18.   0.]
Accuracy = 85.55% -> 85.66%

27 [0, 1, 2, 3, 4, 5, 6, 7, 8, 9, 10, 11, 13, 14, 15, 16, 17, 18, 19, 20, 21, 22, 23, 24, 56, 62, 63]
Task: RP, Iter:280/420; Accuracy = 85.66%

thresh: 18.0
cls_count [ 77.  98.  70.  50.  43.  50.  57.  82.  83.  50.  87.  68.   0.  88.
  78.  86.  66.  40.  66.  46.  66.  93.  64.  79.  39.   0.   0.   0.
   0.   0.   0.   1.   1.   0.   1.   0.   1.   0.   0.   0.   0.   0.
   1.   0.   0.   0.   0.   0.   0.   0.   0.   0.   0.   0.   0.   0.
 104.   0.   0.   0.   0.   0.  32.  18.   0.]
Accuracy = 85.66% -> 85.71%

27 [0, 1, 2, 3, 4, 5, 6, 7, 8, 9, 10, 11, 13, 14, 15, 16, 17, 18, 19, 20, 21, 22, 23, 24, 56, 62, 63]
Task: RP, Iter:308/420; Accuracy = 85.66%

thresh: 18.0
cls_count [ 77.  98.  70.  50.  43.  50.  57.  82.  83.  50.  87.  68.   0.  87.
  78.  86.  66.  40.  66.  46.  66.  93.  64.  80.  39.   0.   0.   0.
   0.   0.   0.   1.   0.   0.   1.   0.   1.   0.   0.   0.   0.   0.
   1.   0.   0.   0.   0.   0.   0.   0.   0.   0.   0.   0.   0.   0.
 105.   0.   0.   0.   0.   0.  32.  18.   0.]
Accuracy = 85.66% -> 85.66%

27 [0, 1, 2, 3, 4, 5, 6, 7, 8, 9, 10, 11, 13, 14, 15, 16, 17, 18, 19, 20, 21, 22, 23, 24, 56, 62, 63]
Task: RP, Iter:336/420; Accuracy = 85.77%

thresh: 18.0
cls_count [ 77.  96.  70.  50.  43.  52.  57.  82.  83.  50.  87.  68.   0.  87.
  78.  86.  66.  40.  66.  46.  66.  93.  64.  80.  39.   0.   0.   0.
   0.   0.   0.   1.   0.   0.   1.   0.   0.   0.   0.   0.   0.   0.
   1.   0.   0.   0.   0.   0.   0.   0.   0.   0.   0.   0.   0.   0.
 106.   0.   0.   0.   0.   0.  32.  18.   0.]
Accuracy = 85.77% -> 85.77%

27 [0, 1, 2, 3, 4, 5, 6, 7, 8, 9, 10, 11, 13, 14, 15, 16, 17, 18, 19, 20, 21, 22, 23, 24, 56, 62, 63]
Task: RP, Iter:364/420; Accuracy = 85.71%

thresh: 19.0
cls_count [ 77.  96.  70.  50.  43.  52.  57.  82.  83.  50.  87.  69.   0.  87.
  78.  86.  66.  40.  66.  46.  66.  93.  64.  79.  39.   0.   0.   0.
   0.   0.   0.   1.   0.   0.   1.   0.   0.   0.   0.   0.   0.   0.
   1.   0.   0.   0.   0.   0.   0.   0.   0.   0.   0.   0.   0.   0.
 105.   0.   0.   0.   0.   0.  32.  19.   0.]
Accuracy = 85.71% -> 85.77%

27 [0, 1, 2, 3, 4, 5, 6, 7, 8, 9, 10, 11, 13, 14, 15, 16, 17, 18, 19, 20, 21, 22, 23, 24, 56, 62, 63]
Task: RP, Iter:392/420; Accuracy = 85.77%

thresh: 19.0
cls_count [ 77.  96.  70.  50.  43.  52.  57.  82.  83.  50.  87.  68.   0.  87.
  78.  86.  66.  40.  66.  46.  66.  93.  64.  80.  39.   0.   0.   0.
   0.   0.   0.   1.   0.   0.   0.   0.   0.   0.   0.   0.   0.   0.
   1.   0.   0.   0.   0.   0.   0.   0.   0.   0.   0.   0.   0.   0.
 106.   0.   0.   0.   0.   0.  32.  19.   0.]
Accuracy = 85.77% -> 85.71%

27 [0, 1, 2, 3, 4, 5, 6, 7, 8, 9, 10, 11, 13, 14, 15, 16, 17, 18, 19, 20, 21, 22, 23, 24, 56, 62, 63]
Task: RP, Iter:420/420; Accuracy = 85.77%

Namespace(batch_size=64, bottleneck=256, class_num=65, classifier='bn', cls_par=0.3, da='pda', distance='cosine', dset='office-home', ent=True, ent_par=1.0, epsilon=1e-05, gent=True, gpu_id='1', interval=15, issave=False, layer='wn', lr=0.01, lr_decay1=0.1, lr_decay2=1.0, max_epoch=15, name='RA', net='resnet50', out_file=<_io.TextIOWrapper name='ckpt/target/pda/office-home/RA/log_par_0.3_thr0.txt' mode='w' encoding='UTF-8'>, output='ckpt/target', output_dir='ckpt/target/pda/office-home/RA', output_dir_src='ckpt/source/pda/office-home/R', output_src='ckpt/source', s=1, s_dset_path='./data/office-home/RealWorld.txt', savename='par_0.3_thr0', seed=2020, src_classes=[0, 1, 2, 3, 4, 5, 6, 7, 8, 9, 10, 11, 12, 13, 14, 15, 16, 17, 18, 19, 20, 21, 22, 23, 24, 25, 26, 27, 28, 29, 30, 31, 32, 33, 34, 35, 36, 37, 38, 39, 40, 41, 42, 43, 44, 45, 46, 47, 48, 49, 50, 51, 52, 53, 54, 55, 56, 57, 58, 59, 60, 61, 62, 63, 64], t=2, t_dset_path='./data/office-home/Art.txt', tar_classes=[0, 1, 2, 3, 4, 5, 6, 7, 8, 9, 10, 11, 12, 13, 14, 15, 16, 17, 18, 19, 20, 21, 22, 23, 24], test_dset_path='./data/office-home/Art.txt', threshold=0, worker=4)
/opt/conda/lib/python3.7/site-packages/torchvision/models/_utils.py:209: UserWarning: The parameter 'pretrained' is deprecated since 0.13 and will be removed in 0.15, please use 'weights' instead.
  f"The parameter '{pretrained_param}' is deprecated since 0.13 and will be removed in 0.15, "
/opt/conda/lib/python3.7/site-packages/torchvision/models/_utils.py:223: UserWarning: Arguments other than a weight enum or `None` for 'weights' are deprecated since 0.13 and will be removed in 0.15. The current behavior is equivalent to passing `weights=ResNet50_Weights.IMAGENET1K_V1`. You can also use `weights=ResNet50_Weights.DEFAULT` to get the most up-to-date weights.
  warnings.warn(msg)
cls_count [68. 31. 22. 35. 73. 58. 26. 21. 21. 91. 38. 22. 18. 44. 41. 17.  8. 10.
 23. 34. 18. 51. 82. 16. 23.  1.  5.  6.  2.  5.  3.  7.  1.  2.  8.  2.
  2.  6. 10.  3.  3. 15.  1.  6.  5.  0.  9.  4.  2.  0.  0.  0.  8.  3.
  3.  3.  1.  4.  1.  8.  4.  4. 48.  1.  2.]
Accuracy = 69.97% -> 68.04%

63 [0, 1, 2, 3, 4, 5, 6, 7, 8, 9, 10, 11, 12, 13, 14, 15, 16, 17, 18, 19, 20, 21, 22, 23, 24, 25, 26, 27, 28, 29, 30, 31, 32, 33, 34, 35, 36, 37, 38, 39, 40, 41, 42, 43, 44, 46, 47, 48, 50, 51, 52, 53, 54, 55, 56, 57, 58, 59, 60, 61, 62, 63, 64]
Task: RA, Iter:18/270; Accuracy = 74.01%

thresh: 13.0
cls_count [69. 39. 26. 44. 74. 71. 29. 25. 20. 67. 50. 15. 23. 30. 36. 22. 18. 11.
 19. 37. 21. 48. 81. 21. 20.  1.  9.  9.  3.  4.  4.  3.  1.  2. 10.  1.
  2. 11. 15.  1.  3. 15.  0.  9.  5.  0.  2.  4.  3.  0.  0.  1.  8.  3.
  0.  3.  2.  3.  0. 13.  1.  5. 13.  2.  2.]
Accuracy = 74.01% -> 78.51%

28 [0, 1, 2, 3, 4, 5, 6, 7, 8, 9, 10, 11, 12, 13, 14, 15, 16, 18, 19, 20, 21, 22, 23, 24, 38, 41, 59, 62]
Task: RA, Iter:36/270; Accuracy = 78.97%

thresh: 15.0
cls_count [71. 46. 27. 44. 72. 83. 31. 29. 22. 70. 45. 14. 27. 36. 35. 22. 19.  8.
 20. 38. 21. 49. 81. 24. 28.  0.  3.  5.  0.  1.  3.  3.  1.  1.  7.  0.
  2.  5. 17.  0.  2. 14.  0.  6.  3.  0.  1.  1.  2.  0.  0.  1.  2.  1.
  0.  0.  1.  1.  0. 21.  0.  5. 15.  1.  2.]
Accuracy = 77.04% -> 78.42%

26 [0, 1, 2, 3, 4, 5, 6, 7, 8, 9, 10, 12, 13, 14, 15, 16, 18, 19, 20, 21, 22, 23, 24, 38, 59, 62]
Task: RA, Iter:54/270; Accuracy = 78.60%

thresh: 11.0
cls_count [71. 49. 29. 42. 75. 85. 31. 32. 23. 71. 46. 11. 30. 34. 35. 26. 17.  5.
 19. 38. 21. 48. 83. 28. 32.  0.  0.  2.  0.  0.  1.  1.  1.  0.  3.  0.
  2.  3. 19.  0.  2. 11.  0.  3.  2.  0.  1.  0.  2.  0.  0.  1.  1.  1.
  0.  0.  1.  0.  0. 26.  0.  2. 22.  0.  1.]
Accuracy = 78.15% -> 79.06%

28 [0, 1, 2, 3, 4, 5, 6, 7, 8, 9, 10, 11, 12, 13, 14, 15, 16, 18, 19, 20, 21, 22, 23, 24, 38, 41, 59, 62]
Task: RA, Iter:72/270; Accuracy = 79.06%

thresh: 11.0
cls_count [71. 49. 31. 43. 75. 88. 31. 32. 23. 73. 45. 11. 33. 31. 35. 25. 17.  4.
 19. 38. 21. 48. 84. 31. 33.  0.  0.  1.  0.  0.  0.  1.  0.  0.  1.  0.
  1.  2. 19.  0.  2. 11.  0.  2.  1.  0.  1.  0.  2.  0.  0.  1.  0.  1.
  0.  0.  1.  0.  0. 25.  0.  2. 23.  0.  1.]
Accuracy = 78.70% -> 78.97%

28 [0, 1, 2, 3, 4, 5, 6, 7, 8, 9, 10, 11, 12, 13, 14, 15, 16, 18, 19, 20, 21, 22, 23, 24, 38, 41, 59, 62]
Task: RA, Iter:90/270; Accuracy = 78.97%

thresh: 13.0
cls_count [71. 49. 33. 43. 75. 88. 31. 32. 23. 75. 45. 11. 34. 32. 35. 26. 17.  3.
 21. 39. 21. 48. 84. 30. 34.  0.  0.  0.  0.  0.  0.  0.  0.  0.  1.  0.
  0.  1. 21.  0.  0. 13.  0.  0.  1.  0.  0.  0.  0.  0.  0.  0.  0.  0.
  0.  0.  0.  0.  0. 26.  0.  2. 24.  0.  0.]
Accuracy = 78.97% -> 78.05%

27 [0, 1, 2, 3, 4, 5, 6, 7, 8, 9, 10, 12, 13, 14, 15, 16, 18, 19, 20, 21, 22, 23, 24, 38, 41, 59, 62]
Task: RA, Iter:108/270; Accuracy = 77.69%

thresh: 14.0
cls_count [71. 50. 33. 43. 75. 87. 32. 32. 23. 75. 43.  9. 34. 31. 35. 28. 17.  2.
 21. 39. 21. 48. 84. 30. 34.  0.  0.  0.  0.  0.  0.  0.  0.  0.  1.  0.
  0.  0. 23.  0.  0. 14.  0.  0.  1.  0.  0.  0.  0.  0.  0.  0.  0.  0.
  0.  0.  0.  0.  0. 28.  0.  1. 24.  0.  0.]
Accuracy = 78.51% -> 77.87%

27 [0, 1, 2, 3, 4, 5, 6, 7, 8, 9, 10, 12, 13, 14, 15, 16, 18, 19, 20, 21, 22, 23, 24, 38, 41, 59, 62]
Task: RA, Iter:126/270; Accuracy = 77.59%

thresh: 15.0
cls_count [71. 50. 35. 43. 74. 87. 32. 32. 23. 75. 43.  8. 34. 32. 35. 28. 17.  1.
 21. 39. 21. 48. 84. 29. 34.  0.  0.  0.  0.  0.  0.  0.  0.  0.  1.  0.
  0.  0. 24.  0.  0. 15.  0.  0.  1.  0.  0.  0.  0.  0.  0.  0.  0.  0.
  0.  0.  0.  0.  0. 28.  0.  0. 24.  0.  0.]
Accuracy = 78.33% -> 77.69%

27 [0, 1, 2, 3, 4, 5, 6, 7, 8, 9, 10, 12, 13, 14, 15, 16, 18, 19, 20, 21, 22, 23, 24, 38, 41, 59, 62]
Task: RA, Iter:144/270; Accuracy = 77.69%

thresh: 15.0
cls_count [71. 50. 35. 43. 74. 87. 33. 32. 23. 75. 43.  6. 33. 31. 35. 28. 17.  1.
 21. 39. 21. 48. 84. 30. 34.  0.  0.  0.  0.  0.  0.  0.  0.  0.  1.  0.
  0.  0. 26.  0.  0. 15.  0.  0.  1.  0.  0.  0.  0.  0.  0.  0.  0.  0.
  0.  0.  0.  0.  0. 28.  0.  0. 24.  0.  0.]
Accuracy = 78.24% -> 77.59%

27 [0, 1, 2, 3, 4, 5, 6, 7, 8, 9, 10, 12, 13, 14, 15, 16, 18, 19, 20, 21, 22, 23, 24, 38, 41, 59, 62]
Task: RA, Iter:162/270; Accuracy = 77.59%

thresh: 15.0
cls_count [71. 50. 35. 43. 74. 87. 33. 32. 23. 75. 43.  5. 33. 31. 35. 28. 17.  1.
 21. 39. 21. 48. 84. 29. 34.  0.  0.  0.  0.  0.  0.  0.  0.  0.  1.  0.
  0.  0. 28.  0.  0. 15.  0.  0.  1.  0.  0.  0.  0.  0.  0.  0.  0.  0.
  0.  0.  0.  0.  0. 28.  0.  0. 24.  0.  0.]
Accuracy = 78.05% -> 77.59%

27 [0, 1, 2, 3, 4, 5, 6, 7, 8, 9, 10, 12, 13, 14, 15, 16, 18, 19, 20, 21, 22, 23, 24, 38, 41, 59, 62]
Task: RA, Iter:180/270; Accuracy = 77.59%

thresh: 15.0
cls_count [71. 50. 35. 43. 74. 87. 33. 32. 23. 75. 43.  5. 34. 32. 35. 28. 17.  1.
 21. 39. 21. 48. 84. 28. 34.  0.  0.  0.  0.  0.  0.  0.  0.  0.  0.  0.
  0.  0. 28.  0.  0. 15.  0.  0.  1.  0.  0.  0.  0.  0.  0.  0.  0.  0.
  0.  0.  0.  0.  0. 28.  0.  0. 24.  0.  0.]
Accuracy = 78.05% -> 77.59%

27 [0, 1, 2, 3, 4, 5, 6, 7, 8, 9, 10, 12, 13, 14, 15, 16, 18, 19, 20, 21, 22, 23, 24, 38, 41, 59, 62]
Task: RA, Iter:198/270; Accuracy = 77.69%

thresh: 15.0
cls_count [71. 50. 35. 43. 74. 87. 33. 32. 23. 75. 43.  4. 34. 31. 35. 28. 17.  1.
 22. 39. 21. 48. 84. 29. 34.  0.  0.  0.  0.  0.  0.  0.  0.  0.  0.  0.
  0.  0. 29.  0.  0. 15.  0.  0.  1.  0.  0.  0.  0.  0.  0.  0.  0.  0.
  0.  0.  0.  0.  0. 28.  0.  0. 23.  0.  0.]
Accuracy = 78.05% -> 77.78%

27 [0, 1, 2, 3, 4, 5, 6, 7, 8, 9, 10, 12, 13, 14, 15, 16, 18, 19, 20, 21, 22, 23, 24, 38, 41, 59, 62]
Task: RA, Iter:216/270; Accuracy = 77.59%

thresh: 15.0
cls_count [71. 50. 35. 43. 74. 87. 33. 32. 23. 75. 43.  4. 34. 32. 35. 28. 17.  1.
 21. 39. 21. 48. 84. 28. 34.  0.  0.  0.  0.  0.  0.  0.  0.  0.  0.  0.
  0.  0. 29.  0.  0. 15.  0.  0.  1.  0.  0.  0.  0.  0.  0.  0.  0.  0.
  0.  0.  0.  0.  0. 28.  0.  0. 24.  0.  0.]
Accuracy = 77.96% -> 77.69%

27 [0, 1, 2, 3, 4, 5, 6, 7, 8, 9, 10, 12, 13, 14, 15, 16, 18, 19, 20, 21, 22, 23, 24, 38, 41, 59, 62]
Task: RA, Iter:234/270; Accuracy = 77.69%

thresh: 15.0
cls_count [71. 50. 36. 43. 74. 87. 34. 32. 23. 74. 43.  4. 34. 32. 35. 28. 17.  0.
 21. 39. 21. 48. 84. 28. 34.  0.  0.  0.  0.  0.  0.  0.  0.  0.  0.  0.
  0.  0. 29.  0.  0. 15.  0.  0.  1.  0.  0.  0.  0.  0.  0.  0.  0.  0.
  0.  0.  0.  0.  0. 28.  0.  0. 24.  0.  0.]
Accuracy = 77.96% -> 77.69%

27 [0, 1, 2, 3, 4, 5, 6, 7, 8, 9, 10, 12, 13, 14, 15, 16, 18, 19, 20, 21, 22, 23, 24, 38, 41, 59, 62]
Task: RA, Iter:252/270; Accuracy = 77.69%

thresh: 15.0
cls_count [71. 50. 36. 43. 74. 87. 34. 32. 24. 74. 43.  4. 34. 32. 35. 28. 17.  0.
 21. 39. 21. 48. 84. 28. 34.  0.  0.  0.  0.  0.  0.  0.  0.  0.  0.  0.
  0.  0. 29.  0.  0. 15.  0.  0.  0.  0.  0.  0.  0.  0.  0.  0.  0.  0.
  0.  0.  0.  0.  0. 28.  0.  0. 24.  0.  0.]
Accuracy = 78.05% -> 77.69%

27 [0, 1, 2, 3, 4, 5, 6, 7, 8, 9, 10, 12, 13, 14, 15, 16, 18, 19, 20, 21, 22, 23, 24, 38, 41, 59, 62]
Task: RA, Iter:270/270; Accuracy = 77.69%

Namespace(batch_size=64, bottleneck=256, class_num=65, classifier='bn', cls_par=0.3, da='pda', distance='cosine', dset='office-home', ent=True, ent_par=1.0, epsilon=1e-05, gent=True, gpu_id='1', interval=15, issave=False, layer='wn', lr=0.01, lr_decay1=0.1, lr_decay2=1.0, max_epoch=15, name='RC', net='resnet50', out_file=<_io.TextIOWrapper name='ckpt/target/pda/office-home/RC/log_par_0.3_thr0.txt' mode='w' encoding='UTF-8'>, output='ckpt/target', output_dir='ckpt/target/pda/office-home/RC', output_dir_src='ckpt/source/pda/office-home/R', output_src='ckpt/source', s=1, s_dset_path='./data/office-home/RealWorld.txt', savename='par_0.3_thr0', seed=2020, src_classes=[0, 1, 2, 3, 4, 5, 6, 7, 8, 9, 10, 11, 12, 13, 14, 15, 16, 17, 18, 19, 20, 21, 22, 23, 24, 25, 26, 27, 28, 29, 30, 31, 32, 33, 34, 35, 36, 37, 38, 39, 40, 41, 42, 43, 44, 45, 46, 47, 48, 49, 50, 51, 52, 53, 54, 55, 56, 57, 58, 59, 60, 61, 62, 63, 64], t=3, t_dset_path='./data/office-home/Clipart.txt', tar_classes=[0, 1, 2, 3, 4, 5, 6, 7, 8, 9, 10, 11, 12, 13, 14, 15, 16, 17, 18, 19, 20, 21, 22, 23, 24], test_dset_path='./data/office-home/Clipart.txt', threshold=0, worker=4)
/opt/conda/lib/python3.7/site-packages/torchvision/models/_utils.py:209: UserWarning: The parameter 'pretrained' is deprecated since 0.13 and will be removed in 0.15, please use 'weights' instead.
  f"The parameter '{pretrained_param}' is deprecated since 0.13 and will be removed in 0.15, "
/opt/conda/lib/python3.7/site-packages/torchvision/models/_utils.py:223: UserWarning: Arguments other than a weight enum or `None` for 'weights' are deprecated since 0.13 and will be removed in 0.15. The current behavior is equivalent to passing `weights=ResNet50_Weights.IMAGENET1K_V1`. You can also use `weights=ResNet50_Weights.DEFAULT` to get the most up-to-date weights.
  warnings.warn(msg)
cls_count [ 50.  19.  18.  43.  84.  29.  32.  33.  70.  33.  91.   5.  27.  46.
  23.  40.  30.   8.  66.  51.  38.  45.  30. 276.  52.  30.  10.   4.
   8.   4.   6.  29.   1.  12.  28.   2.  13.   4.  20.   6.   1.  75.
   0.   7.   9.  11.  14.   0.   6.   2.   4.   1.   8.   2.   0.   5.
   7.   4.   4.  35.   3.  23.  23.  10.   5.]
Accuracy = 52.06% -> 53.43%

65 [0, 1, 2, 3, 4, 5, 6, 7, 8, 9, 10, 11, 12, 13, 14, 15, 16, 17, 18, 19, 20, 21, 22, 23, 24, 25, 26, 27, 28, 29, 30, 31, 32, 33, 34, 35, 36, 37, 38, 39, 40, 41, 42, 43, 44, 45, 46, 47, 48, 49, 50, 51, 52, 53, 54, 55, 56, 57, 58, 59, 60, 61, 62, 63, 64]
Task: RC, Iter:27/405; Accuracy = 59.40%

thresh: 22.0
cls_count [ 57.  57.  30.  49.  89.  58.  52.  45.  64.  43.  79.   8.  28.  60.
  30.  18.  36.   3.  79.  55.  40.  49.  61. 118.  36.  27.   4.   1.
   4.   0.  10.  31.   1.   2.  36.   2.  14.   3.  29.   5.   0.  26.
   0.  13.  10.   4.   9.   2.  13.   3.   1.   1.  14.   4.   1.   1.
   6.  16.   3.  28.   3.  22.  41.  38.   3.]
Accuracy = 59.40% -> 61.49%

31 [0, 1, 2, 3, 4, 5, 6, 7, 8, 9, 10, 12, 13, 14, 16, 18, 19, 20, 21, 22, 23, 24, 25, 31, 34, 38, 41, 59, 61, 62, 63]
Task: RC, Iter:54/405; Accuracy = 61.25%

thresh: 11.0
cls_count [ 58.  55.  32.  46.  87.  66.  48.  48.  66.  47.  69.   2.  27.  66.
  29.  11.  36.   2.  78.  55.  54.  48.  69. 127.  48.  36.   2.   1.
   1.   0.   7.  42.   1.   0.  39.   0.  10.   2.  34.   2.   0.  40.
   0.   9.   3.   1.   3.   0.   2.   3.   0.   1.  10.   3.   2.   0.
   3.   4.   0.  31.   0.  28.  39.  40.   2.]
Accuracy = 60.84% -> 62.21%

32 [0, 1, 2, 3, 4, 5, 6, 7, 8, 9, 10, 12, 13, 14, 15, 16, 18, 19, 20, 21, 22, 23, 24, 25, 31, 34, 38, 41, 59, 61, 62, 63]
Task: RC, Iter:81/405; Accuracy = 62.45%

thresh: 12.0
cls_count [ 59.  53.  39.  56.  86.  71.  50.  48.  66.  43.  67.   0.  28.  68.
  29.  12.  40.   1.  81.  54.  57.  49.  73. 132.  51.  35.   0.   1.
   0.   0.   3.  42.   1.   0.  39.   0.   0.   1.  40.   1.   0.  41.
   0.   2.   1.   1.   3.   0.   1.   2.   0.   2.   6.   2.   0.   0.
   2.   1.   0.  29.   0.  28.  38.  40.   0.]
Accuracy = 61.97% -> 62.63%

32 [0, 1, 2, 3, 4, 5, 6, 7, 8, 9, 10, 12, 13, 14, 15, 16, 18, 19, 20, 21, 22, 23, 24, 25, 31, 34, 38, 41, 59, 61, 62, 63]
Task: RC, Iter:108/405; Accuracy = 62.45%

thresh: 12.0
cls_count [ 60.  51.  38.  56.  86.  71.  50.  48.  66.  45.  68.   0.  27.  70.
  29.  12.  42.   0.  82.  51.  60.  51.  74. 131.  52.  35.   0.   0.
   0.   0.   1.  47.   1.   0.  37.   0.   0.   1.  41.   1.   0.  41.
   0.   1.   1.   0.   2.   0.   1.   2.   0.   2.   5.   0.   0.   0.
   2.   1.   0.  27.   0.  29.  38.  39.   0.]
Accuracy = 62.09% -> 62.57%

32 [0, 1, 2, 3, 4, 5, 6, 7, 8, 9, 10, 12, 13, 14, 15, 16, 18, 19, 20, 21, 22, 23, 24, 25, 31, 34, 38, 41, 59, 61, 62, 63]
Task: RC, Iter:135/405; Accuracy = 62.75%

thresh: 13.0
cls_count [ 59.  51.  38.  56.  86.  74.  51.  48.  66.  44.  71.   0.  30.  71.
  28.  13.  43.   0.  83.  51.  59.  48.  74. 133.  52.  37.   0.   1.
   0.   0.   0.  45.   0.   0.  37.   0.   0.   0.  42.   0.   0.  40.
   0.   1.   0.   0.   1.   0.   1.   2.   0.   1.   2.   0.   0.   0.
   1.   1.   0.  27.   0.  29.  37.  41.   0.]
Accuracy = 62.51% -> 62.45%

32 [0, 1, 2, 3, 4, 5, 6, 7, 8, 9, 10, 12, 13, 14, 15, 16, 18, 19, 20, 21, 22, 23, 24, 25, 31, 34, 38, 41, 59, 61, 62, 63]
Task: RC, Iter:162/405; Accuracy = 62.27%

thresh: 14.0
cls_count [ 59.  52.  37.  55.  86.  73.  51.  47.  67.  45.  68.   0.  30.  72.
  28.  14.  43.   0.  82.  50.  61.  50.  74. 128.  52.  39.   0.   0.
   0.   0.   0.  45.   0.   0.  39.   0.   0.   0.  42.   0.   0.  41.
   0.   0.   0.   0.   1.   0.   1.   2.   0.   0.   2.   0.   0.   0.
   1.   0.   0.  30.   0.  30.  37.  41.   0.]
Accuracy = 62.15% -> 62.51%

32 [0, 1, 2, 3, 4, 5, 6, 7, 8, 9, 10, 12, 13, 14, 15, 16, 18, 19, 20, 21, 22, 23, 24, 25, 31, 34, 38, 41, 59, 61, 62, 63]
Task: RC, Iter:189/405; Accuracy = 62.21%

thresh: 14.0
cls_count [ 59.  53.  37.  54.  86.  74.  51.  48.  66.  44.  68.   0.  30.  72.
  28.  14.  43.   0.  84.  49.  61.  50.  74. 131.  52.  39.   0.   0.
   0.   0.   0.  45.   0.   0.  39.   0.   0.   0.  41.   0.   0.  40.
   0.   0.   0.   0.   1.   0.   0.   2.   0.   0.   1.   0.   0.   0.
   1.   0.   0.  30.   0.  30.  37.  41.   0.]
Accuracy = 62.09% -> 62.39%

32 [0, 1, 2, 3, 4, 5, 6, 7, 8, 9, 10, 12, 13, 14, 15, 16, 18, 19, 20, 21, 22, 23, 24, 25, 31, 34, 38, 41, 59, 61, 62, 63]
Task: RC, Iter:216/405; Accuracy = 62.39%

thresh: 14.0
cls_count [ 59.  51.  38.  55.  86.  73.  53.  48.  66.  44.  67.   0.  29.  74.
  29.  14.  43.   0.  82.  49.  61.  50.  75. 130.  52.  40.   0.   0.
   0.   0.   0.  46.   0.   0.  39.   0.   0.   0.  40.   0.   0.  41.
   0.   0.   0.   0.   0.   0.   0.   1.   0.   0.   2.   0.   0.   0.
   1.   0.   0.  30.   0.  29.  37.  41.   0.]
Accuracy = 62.33% -> 62.39%

32 [0, 1, 2, 3, 4, 5, 6, 7, 8, 9, 10, 12, 13, 14, 15, 16, 18, 19, 20, 21, 22, 23, 24, 25, 31, 34, 38, 41, 59, 61, 62, 63]
Task: RC, Iter:243/405; Accuracy = 62.21%

thresh: 14.0
cls_count [ 59.  51.  37.  55.  86.  73.  52.  48.  66.  44.  66.   0.  30.  74.
  29.  14.  43.   0.  84.  50.  61.  50.  75. 129.  52.  40.   0.   0.
   0.   0.   0.  45.   0.   0.  39.   0.   0.   0.  40.   0.   0.  41.
   0.   0.   0.   0.   0.   0.   0.   1.   0.   0.   1.   0.   0.   0.
   1.   0.   0.  30.   0.  30.  38.  41.   0.]
Accuracy = 62.15% -> 62.33%

32 [0, 1, 2, 3, 4, 5, 6, 7, 8, 9, 10, 12, 13, 14, 15, 16, 18, 19, 20, 21, 22, 23, 24, 25, 31, 34, 38, 41, 59, 61, 62, 63]
Task: RC, Iter:270/405; Accuracy = 62.21%

thresh: 15.0
cls_count [ 59.  51.  37.  56.  86.  73.  52.  48.  66.  44.  66.   0.  30.  74.
  29.  15.  43.   0.  82.  50.  65.  50.  75. 126.  52.  40.   0.   0.
   0.   0.   0.  44.   0.   0.  39.   0.   0.   0.  41.   0.   0.  41.
   0.   0.   0.   0.   0.   0.   0.   1.   0.   0.   0.   0.   0.   0.
   1.   0.   0.  30.   0.  30.  38.  41.   0.]
Accuracy = 62.21% -> 62.51%

32 [0, 1, 2, 3, 4, 5, 6, 7, 8, 9, 10, 12, 13, 14, 15, 16, 18, 19, 20, 21, 22, 23, 24, 25, 31, 34, 38, 41, 59, 61, 62, 63]
Task: RC, Iter:297/405; Accuracy = 62.15%

thresh: 14.0
cls_count [ 59.  51.  37.  56.  86.  73.  52.  48.  66.  44.  65.   0.  30.  74.
  29.  14.  43.   0.  83.  49.  66.  50.  75. 127.  52.  40.   0.   0.
   0.   0.   0.  47.   0.   0.  39.   0.   0.   0.  39.   0.   0.  41.
   0.   0.   0.   0.   0.   0.   0.   1.   0.   0.   0.   0.   0.   0.
   0.   0.   0.  30.   0.  30.  38.  41.   0.]
Accuracy = 62.15% -> 62.39%

32 [0, 1, 2, 3, 4, 5, 6, 7, 8, 9, 10, 12, 13, 14, 15, 16, 18, 19, 20, 21, 22, 23, 24, 25, 31, 34, 38, 41, 59, 61, 62, 63]
Task: RC, Iter:324/405; Accuracy = 62.21%

thresh: 14.0
cls_count [ 59.  51.  38.  56.  86.  73.  52.  48.  66.  44.  66.   0.  30.  74.
  29.  14.  43.   0.  82.  50.  66.  50.  75. 125.  52.  40.   0.   0.
   0.   0.   0.  46.   0.   0.  39.   0.   0.   0.  40.   0.   0.  41.
   0.   0.   0.   0.   0.   0.   0.   1.   0.   0.   0.   0.   0.   0.
   0.   0.   0.  30.   0.  30.  38.  41.   0.]
Accuracy = 62.21% -> 62.39%

32 [0, 1, 2, 3, 4, 5, 6, 7, 8, 9, 10, 12, 13, 14, 15, 16, 18, 19, 20, 21, 22, 23, 24, 25, 31, 34, 38, 41, 59, 61, 62, 63]
Task: RC, Iter:351/405; Accuracy = 62.21%

thresh: 14.0
cls_count [ 59.  52.  37.  56.  86.  73.  52.  48.  66.  44.  66.   0.  30.  73.
  29.  14.  43.   0.  83.  50.  67.  50.  75. 126.  52.  40.   0.   0.
   0.   0.   0.  46.   0.   0.  39.   0.   0.   0.  39.   0.   0.  41.
   0.   0.   0.   0.   0.   0.   0.   1.   0.   0.   0.   0.   0.   0.
   0.   0.   0.  30.   0.  30.  38.  40.   0.]
Accuracy = 62.21% -> 62.39%

32 [0, 1, 2, 3, 4, 5, 6, 7, 8, 9, 10, 12, 13, 14, 15, 16, 18, 19, 20, 21, 22, 23, 24, 25, 31, 34, 38, 41, 59, 61, 62, 63]
Task: RC, Iter:378/405; Accuracy = 62.21%

thresh: 14.0
cls_count [ 59.  52.  37.  56.  86.  73.  52.  48.  66.  45.  65.   0.  30.  73.
  29.  14.  43.   0.  83.  50.  67.  50.  75. 125.  52.  40.   0.   0.
   0.   0.   0.  47.   0.   0.  39.   0.   0.   0.  39.   0.   0.  41.
   0.   0.   0.   0.   0.   0.   0.   1.   0.   0.   0.   0.   0.   0.
   0.   0.   0.  30.   0.  30.  38.  40.   0.]
Accuracy = 62.21% -> 62.39%

32 [0, 1, 2, 3, 4, 5, 6, 7, 8, 9, 10, 12, 13, 14, 15, 16, 18, 19, 20, 21, 22, 23, 24, 25, 31, 34, 38, 41, 59, 61, 62, 63]
Task: RC, Iter:405/405; Accuracy = 62.21%

