feat_classifier_dy(
  (fc): Dy_Linear(in_features=256, out_features=65, bias=True)
)
/opt/conda/lib/python3.7/site-packages/torchvision/models/_utils.py:209: UserWarning: The parameter 'pretrained' is deprecated since 0.13 and will be removed in 0.15, please use 'weights' instead.
  f"The parameter '{pretrained_param}' is deprecated since 0.13 and will be removed in 0.15, "
/opt/conda/lib/python3.7/site-packages/torchvision/models/_utils.py:223: UserWarning: Arguments other than a weight enum or `None` for 'weights' are deprecated since 0.13 and will be removed in 0.15. The current behavior is equivalent to passing `weights=ResNet50_Weights.IMAGENET1K_V1`. You can also use `weights=ResNet50_Weights.DEFAULT` to get the most up-to-date weights.
  warnings.warn(msg)
cls_count [68. 31. 22. 35. 73. 58. 26. 21. 21. 91. 38. 22. 18. 44. 41. 17.  8. 10.
 23. 34. 18. 51. 82. 16. 23.  1.  5.  6.  2.  5.  3.  7.  1.  2.  8.  2.
  2.  6. 10.  3.  3. 15.  1.  6.  5.  0.  9.  4.  2.  0.  0.  0.  8.  3.
  3.  3.  1.  4.  1.  8.  4.  4. 48.  1.  2.]
Accuracy = 69.97% -> 77.13%

25
Task: RA, Iter:18/270; Accuracy = 80.17%

cls_count [70. 47. 27. 44. 78. 96. 29. 27. 19. 77. 61. 28. 34. 34. 38. 23.  6.  4.
 20. 38. 20. 52. 82. 29. 34.  0.  1.  0.  1.  1.  0.  2.  1.  1.  1.  0.
  0.  0.  1.  2.  0. 15.  1.  2.  1.  0.  1.  1.  0.  0.  0.  0.  1.  0.
  0.  0.  0.  1.  0.  2.  0.  2. 34.  0.  0.]
Accuracy = 80.62% -> 80.62%

25
Task: RA, Iter:36/270; Accuracy = 80.72%

cls_count [70. 47. 30. 43. 78. 96. 30. 30. 20. 76. 64. 30. 34. 36. 36. 26.  5.  3.
 20. 39. 20. 51. 83. 28. 37.  0.  1.  0.  0.  0.  0.  0.  0.  1.  1.  0.
  0.  0.  0.  0.  0. 13.  0.  1.  1.  0.  0.  0.  0.  0.  0.  0.  0.  0.
  0.  0.  0.  1.  0.  0.  0.  0. 38.  0.  0.]
Accuracy = 81.18% -> 80.90%

25
Task: RA, Iter:54/270; Accuracy = 80.72%

cls_count [70. 49. 31. 43. 78. 96. 30. 31. 20. 77. 66. 27. 35. 34. 36. 26.  4.  2.
 20. 39. 20. 53. 83. 27. 37.  0.  1.  0.  0.  0.  0.  0.  0.  0.  1.  0.
  0.  0.  0.  0.  0. 12.  0.  0.  1.  0.  0.  0.  0.  0.  0.  0.  0.  0.
  0.  0.  0.  0.  0.  0.  0.  0. 40.  0.  0.]
Accuracy = 81.08% -> 80.90%

25
Task: RA, Iter:72/270; Accuracy = 80.81%

cls_count [71. 47. 31. 44. 76. 96. 30. 31. 20. 75. 65. 28. 34. 36. 36. 28.  3.  2.
 20. 40. 20. 53. 84. 25. 37.  0.  0.  0.  0.  0.  0.  0.  0.  0.  1.  0.
  0.  0.  0.  0.  0. 12.  0.  0.  1.  0.  0.  0.  0.  0.  0.  0.  0.  0.
  0.  0.  0.  0.  0.  0.  0.  0. 43.  0.  0.]
Accuracy = 81.18% -> 80.90%

25
Task: RA, Iter:90/270; Accuracy = 80.62%

cls_count [71. 50. 32. 44. 73. 96. 30. 30. 21. 76. 67. 27. 35. 35. 36. 28.  2.  0.
 20. 39. 20. 53. 83. 26. 37.  0.  0.  0.  0.  0.  0.  0.  0.  0.  0.  0.
  0.  0.  0.  0.  0. 13.  0.  0.  1.  0.  0.  0.  0.  0.  0.  0.  0.  0.
  0.  0.  0.  0.  0.  0.  0.  0. 44.  0.  0.]
Accuracy = 80.72% -> 80.90%

25
Task: RA, Iter:108/270; Accuracy = 80.62%

cls_count [71. 49. 32. 44. 77. 96. 30. 30. 20. 76. 65. 28. 35. 36. 36. 29.  1.  0.
 20. 40. 20. 53. 83. 25. 37.  0.  0.  0.  0.  0.  0.  0.  0.  0.  0.  0.
  0.  0.  0.  0.  0. 13.  0.  0.  1.  0.  0.  0.  0.  0.  0.  0.  0.  0.
  0.  0.  0.  0.  0.  0.  0.  0. 42.  0.  0.]
Accuracy = 80.62% -> 80.99%

25
Task: RA, Iter:126/270; Accuracy = 80.72%

cls_count [71. 49. 32. 44. 77. 96. 30. 30. 20. 75. 65. 28. 35. 36. 36. 28.  1.  0.
 20. 40. 20. 53. 84. 26. 37.  0.  0.  0.  0.  0.  0.  0.  0.  0.  0.  0.
  0.  0.  0.  0.  0. 13.  0.  0.  1.  0.  0.  0.  0.  0.  0.  0.  0.  0.
  0.  0.  0.  0.  0.  0.  0.  0. 42.  0.  0.]
Accuracy = 80.72% -> 80.99%

25
Task: RA, Iter:144/270; Accuracy = 80.81%

cls_count [71. 49. 32. 44. 77. 96. 30. 30. 21. 75. 64. 28. 35. 37. 36. 29.  1.  0.
 20. 40. 20. 53. 84. 25. 37.  0.  0.  0.  0.  0.  0.  0.  0.  0.  0.  0.
  0.  0.  0.  0.  0. 13.  0.  0.  0.  0.  0.  0.  0.  0.  0.  0.  0.  0.
  0.  0.  0.  0.  0.  0.  0.  0. 42.  0.  0.]
Accuracy = 80.90% -> 80.99%

25
Task: RA, Iter:162/270; Accuracy = 80.81%

cls_count [71. 49. 32. 44. 77. 96. 30. 30. 20. 75. 64. 29. 35. 37. 36. 29.  1.  0.
 20. 39. 20. 53. 84. 24. 37.  0.  0.  0.  0.  0.  0.  0.  0.  0.  0.  0.
  0.  0.  0.  0.  0. 13.  0.  0.  1.  0.  0.  0.  0.  0.  0.  0.  0.  0.
  0.  0.  0.  0.  0.  0.  0.  0. 43.  0.  0.]
Accuracy = 80.81% -> 80.99%

25
Task: RA, Iter:180/270; Accuracy = 80.81%

cls_count [71. 49. 32. 44. 77. 96. 30. 30. 21. 75. 64. 29. 35. 37. 36. 29.  0.  0.
 20. 39. 20. 53. 84. 24. 37.  0.  0.  0.  0.  0.  0.  0.  0.  0.  0.  0.
  0.  0.  0.  0.  0. 13.  0.  0.  0.  0.  0.  0.  0.  0.  0.  0.  0.  0.
  0.  0.  0.  0.  0.  0.  0.  0. 44.  0.  0.]
Accuracy = 80.81% -> 80.99%

25
Task: RA, Iter:198/270; Accuracy = 80.90%

cls_count [71. 48. 32. 44. 77. 96. 30. 30. 21. 75. 64. 29. 35. 37. 36. 29.  0.  0.
 20. 39. 21. 53. 84. 24. 37.  0.  0.  0.  0.  0.  0.  0.  0.  0.  0.  0.
  0.  0.  0.  0.  0. 13.  0.  0.  0.  0.  0.  0.  0.  0.  0.  0.  0.  0.
  0.  0.  0.  0.  0.  0.  0.  0. 44.  0.  0.]
Accuracy = 80.90% -> 80.99%

25
Task: RA, Iter:216/270; Accuracy = 80.90%

cls_count [71. 48. 32. 44. 77. 96. 30. 30. 21. 75. 64. 29. 35. 37. 36. 29.  0.  0.
 20. 39. 21. 53. 84. 24. 37.  0.  0.  0.  0.  0.  0.  0.  0.  0.  0.  0.
  0.  0.  0.  0.  0. 13.  0.  0.  0.  0.  0.  0.  0.  0.  0.  0.  0.  0.
  0.  0.  0.  0.  0.  0.  0.  0. 44.  0.  0.]
Accuracy = 80.90% -> 80.99%

25
Task: RA, Iter:234/270; Accuracy = 80.90%

cls_count [71. 48. 32. 44. 77. 96. 30. 30. 21. 75. 64. 29. 35. 37. 36. 29.  0.  0.
 20. 39. 21. 53. 84. 24. 37.  0.  0.  0.  0.  0.  0.  0.  0.  0.  0.  0.
  0.  0.  0.  0.  0. 13.  0.  0.  0.  0.  0.  0.  0.  0.  0.  0.  0.  0.
  0.  0.  0.  0.  0.  0.  0.  0. 44.  0.  0.]
Accuracy = 80.90% -> 80.99%

25
Task: RA, Iter:252/270; Accuracy = 80.99%

cls_count [71. 48. 32. 44. 77. 96. 30. 30. 21. 75. 64. 29. 35. 37. 36. 29.  0.  0.
 20. 40. 21. 53. 84. 24. 37.  0.  0.  0.  0.  0.  0.  0.  0.  0.  0.  0.
  0.  0.  0.  0.  0. 13.  0.  0.  0.  0.  0.  0.  0.  0.  0.  0.  0.  0.
  0.  0.  0.  0.  0.  0.  0.  0. 43.  0.  0.]
Accuracy = 80.99% -> 80.99%

25
Task: RA, Iter:270/270; Accuracy = 80.90%

feat_classifier_dy(
  (fc): Dy_Linear(in_features=256, out_features=65, bias=True)
)
cls_count [ 50.  19.  18.  43.  84.  29.  32.  33.  70.  33.  91.   5.  27.  46.
  23.  40.  30.   8.  66.  51.  38.  45.  30. 276.  52.  30.  10.   4.
   8.   4.   6.  29.   1.  12.  28.   2.  13.   4.  20.   6.   1.  75.
   0.   7.   9.  11.  14.   0.   6.   2.   4.   1.   8.   2.   0.   5.
   7.   4.   4.  35.   3.  23.  23.  10.   5.]
Accuracy = 52.06% -> 57.79%

35
Task: RC, Iter:27/405; Accuracy = 64.30%

cls_count [ 57.  61.  36.  58.  91.  62.  71.  48.  63.  54.  80.   0.  25.  66.
  34.  17.  34.   1.  82.  49.  53.  49.  69. 192.  48.  24.   0.   0.
   0.   0.   4.  35.   1.   6.  36.   0.  16.   1.  16.   1.   0.  39.
   0.   3.   0.   1.   5.   0.   1.   1.   0.   1.   1.   2.   2.   0.
   2.   0.   0.  27.   0.  20.  28.   2.   0.]
Accuracy = 63.94% -> 63.82%

32
Task: RC, Iter:54/405; Accuracy = 65.55%

cls_count [ 56.  52.  42.  53.  89.  69.  76.  49.  64.  56.  75.   0.  23.  64.
  36.  17.  37.   0.  80.  48.  56.  49.  71. 202.  56.  26.   0.   0.
   0.   0.   1.  35.   1.   4.  38.   0.  13.   0.  20.   0.   0.  36.
   0.   0.   0.   1.   2.   0.   1.   1.   0.   1.   1.   0.   0.   0.
   0.   0.   0.  32.   0.  14.  28.   0.   0.]
Accuracy = 65.49% -> 65.19%

32
Task: RC, Iter:81/405; Accuracy = 65.55%

cls_count [ 56.  51.  41.  48.  90.  70.  74.  49.  65.  58.  78.   0.  24.  62.
  35.  17.  38.   0.  78.  46.  57.  50.  72. 205.  57.  25.   0.   0.
   0.   0.   0.  36.   0.   2.  37.   0.  14.   0.  27.   0.   0.  38.
   0.   0.   0.   0.   2.   0.   0.   1.   0.   0.   0.   0.   0.   0.
   0.   0.   0.  30.   0.  12.  30.   0.   0.]
Accuracy = 65.55% -> 65.37%

32
Task: RC, Iter:108/405; Accuracy = 65.55%

cls_count [ 55.  51.  40.  53.  89.  72.  73.  47.  68.  58.  73.   0.  24.  62.
  36.  15.  38.   0.  79.  47.  57.  49.  74. 206.  56.  30.   0.   0.
   0.   0.   0.  36.   0.   1.  37.   0.  14.   0.  27.   0.   0.  36.
   0.   0.   0.   0.   1.   0.   0.   0.   0.   0.   0.   0.   0.   0.
   0.   0.   0.  30.   0.  12.  29.   0.   0.]
Accuracy = 65.55% -> 65.49%

32
Task: RC, Iter:135/405; Accuracy = 65.43%

cls_count [ 55.  51.  40.  51.  90.  69.  73.  48.  67.  56.  76.   0.  24.  62.
  35.  15.  38.   0.  79.  47.  57.  49.  74. 208.  57.  29.   0.   0.
   0.   0.   0.  36.   0.   1.  36.   0.  14.   0.  27.   0.   0.  39.
   0.   0.   0.   0.   2.   0.   0.   0.   0.   0.   0.   0.   0.   0.
   0.   0.   0.  29.   0.  12.  29.   0.   0.]
Accuracy = 65.43% -> 65.31%

32
Task: RC, Iter:162/405; Accuracy = 65.55%

cls_count [ 55.  51.  42.  52.  89.  70.  73.  49.  67.  55.  77.   0.  24.  61.
  35.  16.  38.   0.  78.  47.  57.  49.  73. 206.  58.  30.   0.   0.
   0.   0.   0.  37.   0.   0.  36.   0.  15.   0.  28.   0.   0.  39.
   0.   0.   0.   0.   0.   0.   0.   0.   0.   0.   0.   0.   0.   0.
   0.   0.   0.  28.   0.  11.  29.   0.   0.]
Accuracy = 65.55% -> 65.61%

32
Task: RC, Iter:189/405; Accuracy = 65.61%

cls_count [ 55.  51.  41.  52.  89.  70.  73.  49.  67.  57.  76.   0.  24.  62.
  35.  17.  38.   0.  78.  47.  57.  49.  74. 205.  58.  30.   0.   0.
   0.   0.   0.  37.   0.   0.  36.   0.  14.   0.  28.   0.   0.  38.
   0.   0.   0.   0.   0.   0.   0.   0.   0.   0.   0.   0.   0.   0.
   0.   0.   0.  27.   0.  12.  29.   0.   0.]
Accuracy = 65.61% -> 65.61%

32
Task: RC, Iter:216/405; Accuracy = 65.73%

cls_count [ 55.  51.  41.  52.  88.  72.  73.  49.  67.  58.  76.   0.  24.  62.
  35.  15.  38.   0.  78.  47.  57.  49.  74. 206.  57.  30.   0.   0.
   0.   0.   0.  37.   0.   0.  36.   0.  14.   0.  28.   0.   0.  40.
   0.   0.   0.   0.   0.   0.   0.   0.   0.   0.   0.   0.   0.   0.
   0.   0.   0.  27.   0.  10.  29.   0.   0.]
Accuracy = 65.73% -> 66.03%

31
Task: RC, Iter:243/405; Accuracy = 66.09%

cls_count [ 55.  51.  41.  51.  88.  71.  75.  49.  67.  58.  77.   0.  24.  62.
  35.  16.  38.   0.  78.  47.  57.  49.  74. 205.  57.  28.   0.   0.
   0.   0.   0.  37.   0.   0.  36.   0.  14.   0.  29.   0.   0.  40.
   0.   0.   0.   0.   0.   0.   0.   0.   0.   0.   0.   0.   0.   0.
   0.   0.   0.  27.   0.  10.  29.   0.   0.]
Accuracy = 65.73% -> 65.91%

31
Task: RC, Iter:270/405; Accuracy = 66.03%

cls_count [ 55.  50.  41.  51.  88.  72.  74.  49.  67.  58.  77.   0.  24.  62.
  35.  15.  38.   0.  78.  47.  56.  49.  75. 206.  57.  30.   0.   0.
   0.   0.   0.  37.   0.   0.  36.   0.  15.   0.  28.   0.   0.  40.
   0.   0.   0.   0.   0.   0.   0.   0.   0.   0.   0.   0.   0.   0.
   0.   0.   0.  27.   0.   9.  29.   0.   0.]
Accuracy = 65.73% -> 65.97%

31
Task: RC, Iter:297/405; Accuracy = 66.03%

cls_count [ 55.  51.  41.  51.  88.  72.  73.  49.  67.  58.  77.   0.  24.  62.
  35.  15.  38.   0.  78.  47.  56.  49.  75. 206.  57.  30.   0.   0.
   0.   0.   0.  37.   0.   0.  36.   0.  14.   0.  29.   0.   0.  40.
   0.   0.   0.   0.   0.   0.   0.   0.   0.   0.   0.   0.   0.   0.
   0.   0.   0.  27.   0.   9.  29.   0.   0.]
Accuracy = 65.73% -> 66.03%

31
Task: RC, Iter:324/405; Accuracy = 65.91%

cls_count [ 55.  50.  41.  51.  88.  71.  73.  49.  67.  57.  77.   0.  24.  62.
  37.  17.  38.   0.  78.  47.  56.  49.  75. 206.  57.  31.   0.   0.
   0.   0.   0.  37.   0.   0.  36.   0.  14.   0.  29.   0.   0.  40.
   0.   0.   0.   0.   0.   0.   0.   0.   0.   0.   0.   0.   0.   0.
   0.   0.   0.  27.   0.   7.  29.   0.   0.]
Accuracy = 65.73% -> 65.97%

31
Task: RC, Iter:351/405; Accuracy = 65.97%

cls_count [ 55.  50.  41.  51.  89.  71.  73.  49.  67.  57.  77.   0.  24.  62.
  37.  17.  38.   0.  78.  47.  56.  49.  77. 206.  57.  31.   0.   0.
   0.   0.   0.  37.   0.   0.  36.   0.  14.   0.  29.   0.   0.  39.
   0.   0.   0.   0.   0.   0.   0.   0.   0.   0.   0.   0.   0.   0.
   0.   0.   0.  27.   0.   5.  29.   0.   0.]
Accuracy = 65.91% -> 65.97%

31
Task: RC, Iter:378/405; Accuracy = 65.97%

cls_count [ 55.  50.  41.  51.  88.  72.  73.  49.  67.  57.  77.   0.  24.  62.
  38.  15.  38.   0.  78.  46.  56.  49.  77. 206.  57.  31.   0.   0.
   0.   0.   0.  37.   0.   0.  36.   0.  14.   0.  29.   0.   0.  41.
   0.   0.   0.   0.   0.   0.   0.   0.   0.   0.   0.   0.   0.   0.
   0.   0.   0.  27.   0.   4.  30.   0.   0.]
Accuracy = 65.97% -> 66.03%

31
Task: RC, Iter:405/405; Accuracy = 65.97%

feat_classifier_dy(
  (fc): Dy_Linear(in_features=256, out_features=65, bias=True)
)
cls_count [ 70. 106.  55.  46.  43.  28.  52.  76.  93.  36.  90.  40.  24.  88.
  76.  74.  64.  25.  68.  41.  67.  76.  65.  65.  32.   1.   0.   4.
  12.   8.   0.   8.  12.   9.  16.   2.   7.   2.  24.   6.   1.   6.
  17.   0.  15.   7.   4.   6.   8.   1.   0.   1.   5.   4.   4.   6.
  29.   2.   0.   1.   1.  13.  13.  22.   8.]
Accuracy = 76.64% -> 80.67%

35
Task: RP, Iter:28/420; Accuracy = 83.03%

cls_count [75. 97. 90. 46. 43. 46. 57. 83. 83. 46. 87. 51.  9. 90. 76. 83. 66. 15.
 67. 44. 68. 94. 72. 54. 36.  0.  0.  0.  5.  1.  0.  1. 13.  0.  4.  2.
  2.  0.  8.  1.  0.  1. 14.  0. 18.  0.  0.  0.  0.  0.  0.  0.  1.  1.
  0.  0. 87.  0.  0.  0.  0.  7. 23. 18.  0.]
Accuracy = 82.58% -> 82.75%

30
Task: RP, Iter:56/420; Accuracy = 83.25%

cls_count [76. 98. 90. 44. 43. 52. 57. 83. 82. 47. 86. 53.  8. 92. 76. 87. 66. 15.
 66. 44. 71. 98. 70. 53. 37.  0.  0.  0.  3.  0.  0.  0. 13.  0.  3.  0.
  1.  0.  3.  0.  0.  0. 14.  0. 21.  0.  0.  0.  0.  0.  0.  0.  0.  0.
  0.  0. 87.  0.  0.  0.  0.  4. 24. 18.  0.]
Accuracy = 83.42% -> 83.25%

30
Task: RP, Iter:84/420; Accuracy = 83.53%

cls_count [ 76.  98.  90.  43.  43.  50.  57.  83.  83.  49.  87.  52.   7.  91.
  76.  87.  66.  15.  66.  45.  71. 100.  70.  54.  38.   0.   0.   0.
   3.   0.   0.   0.  13.   0.   3.   0.   0.   0.   2.   0.   0.   0.
  14.   0.  21.   0.   0.   0.   0.   0.   0.   0.   0.   0.   0.   0.
  87.   0.   0.   0.   0.   2.  24.  19.   0.]
Accuracy = 83.75% -> 83.36%

30
Task: RP, Iter:112/420; Accuracy = 83.53%

cls_count [76. 98. 90. 43. 43. 50. 56. 83. 83. 49. 87. 53.  2. 92. 76. 89. 66. 15.
 66. 45. 71. 98. 69. 54. 39.  0.  0.  0.  1.  0.  0.  0. 20.  0.  2.  0.
  0.  0.  1.  0.  0.  0. 13.  0. 22.  0.  0.  0.  0.  0.  0.  0.  0.  0.
  0.  0. 88.  0.  0.  0.  0.  2. 25. 18.  0.]
Accuracy = 83.53% -> 83.42%

30
Task: RP, Iter:140/420; Accuracy = 83.59%

cls_count [76. 98. 90. 43. 43. 50. 57. 83. 83. 49. 87. 54.  1. 92. 76. 88. 66. 15.
 66. 45. 72. 98. 70. 53. 39.  0.  0.  0.  1.  0.  0.  0. 20.  0.  1.  0.
  0.  0.  0.  0.  0.  0. 13.  0. 23.  0.  0.  0.  0.  0.  0.  0.  0.  0.
  0.  0. 89.  0.  0.  0.  0.  2. 24. 18.  0.]
Accuracy = 83.53% -> 83.47%

30
Task: RP, Iter:168/420; Accuracy = 83.59%

cls_count [76. 98. 90. 43. 43. 51. 56. 83. 83. 50. 87. 54.  1. 91. 76. 88. 66. 16.
 66. 45. 72. 98. 69. 53. 39.  0.  0.  0.  0.  0.  0.  0. 21.  0.  1.  0.
  0.  0.  0.  0.  0.  0. 13.  0. 23.  0.  0.  0.  0.  0.  0.  0.  0.  0.
  0.  0. 88.  0.  0.  0.  0.  2. 25. 18.  0.]
Accuracy = 83.53% -> 83.53%

30
Task: RP, Iter:196/420; Accuracy = 83.64%

cls_count [76. 98. 91. 43. 43. 52. 56. 83. 83. 50. 87. 54.  1. 92. 76. 87. 66. 15.
 66. 45. 72. 98. 69. 53. 39.  0.  0.  0.  0.  0.  0.  0. 21.  0.  1.  0.
  0.  0.  0.  0.  0.  0. 13.  0. 23.  0.  0.  0.  0.  0.  0.  0.  0.  0.
  0.  0. 88.  0.  0.  0.  0.  1. 25. 18.  0.]
Accuracy = 83.59% -> 83.53%

30
Task: RP, Iter:224/420; Accuracy = 83.64%

cls_count [76. 98. 91. 42. 43. 51. 55. 83. 83. 50. 87. 54.  0. 93. 76. 90. 66. 15.
 66. 45. 72. 98. 69. 53. 39.  0.  0.  0.  0.  0.  0.  0. 21.  0.  1.  0.
  0.  0.  0.  0.  0.  0. 13.  0. 24.  0.  0.  0.  0.  0.  0.  0.  0.  0.
  0.  0. 88.  0.  0.  0.  0.  0. 25. 18.  0.]
Accuracy = 83.64% -> 83.53%

30
Task: RP, Iter:252/420; Accuracy = 83.59%

cls_count [76. 98. 91. 43. 43. 51. 55. 83. 83. 50. 87. 54.  0. 92. 76. 90. 66. 15.
 66. 45. 72. 98. 69. 53. 39.  0.  0.  0.  0.  0.  0.  0. 21.  0.  1.  0.
  0.  0.  0.  0.  0.  0. 13.  0. 24.  0.  0.  0.  0.  0.  0.  0.  0.  0.
  0.  0. 88.  0.  0.  0.  0.  0. 25. 18.  0.]
Accuracy = 83.59% -> 83.53%

30
Task: RP, Iter:280/420; Accuracy = 83.59%

cls_count [76. 98. 91. 43. 43. 51. 55. 83. 83. 50. 87. 54.  0. 91. 76. 90. 66. 16.
 66. 45. 72. 98. 69. 53. 39.  0.  0.  0.  0.  0.  0.  0. 21.  0.  1.  0.
  0.  0.  0.  0.  0.  0. 13.  0. 24.  0.  0.  0.  0.  0.  0.  0.  0.  0.
  0.  0. 88.  0.  0.  0.  0.  0. 25. 18.  0.]
Accuracy = 83.59% -> 83.53%

30
Task: RP, Iter:308/420; Accuracy = 83.59%

cls_count [76. 98. 91. 43. 43. 51. 55. 83. 83. 50. 87. 54.  0. 91. 76. 90. 66. 16.
 66. 45. 72. 98. 69. 53. 39.  0.  0.  0.  0.  0.  0.  0. 21.  0.  1.  0.
  0.  0.  0.  0.  0.  0. 13.  0. 24.  0.  0.  0.  0.  0.  0.  0.  0.  0.
  0.  0. 88.  0.  0.  0.  0.  0. 25. 18.  0.]
Accuracy = 83.59% -> 83.53%

30
Task: RP, Iter:336/420; Accuracy = 83.59%

cls_count [76. 98. 91. 43. 43. 51. 55. 83. 83. 50. 87. 54.  0. 91. 76. 90. 66. 16.
 66. 45. 72. 98. 69. 53. 39.  0.  0.  0.  0.  0.  0.  0. 21.  0.  1.  0.
  0.  0.  0.  0.  0.  0. 13.  0. 24.  0.  0.  0.  0.  0.  0.  0.  0.  0.
  0.  0. 88.  0.  0.  0.  0.  0. 25. 18.  0.]
Accuracy = 83.59% -> 83.53%

30
Task: RP, Iter:364/420; Accuracy = 83.59%

cls_count [76. 98. 91. 43. 43. 51. 55. 83. 83. 50. 87. 54.  0. 91. 76. 90. 66. 16.
 66. 45. 72. 98. 69. 53. 39.  0.  0.  0.  0.  0.  0.  0. 21.  0.  1.  0.
  0.  0.  0.  0.  0.  0. 13.  0. 24.  0.  0.  0.  0.  0.  0.  0.  0.  0.
  0.  0. 88.  0.  0.  0.  0.  0. 25. 18.  0.]
Accuracy = 83.59% -> 83.53%

30
Task: RP, Iter:392/420; Accuracy = 83.59%

cls_count [76. 98. 91. 43. 43. 51. 55. 83. 83. 50. 87. 54.  0. 91. 76. 90. 66. 16.
 66. 45. 72. 98. 69. 53. 39.  0.  0.  0.  0.  0.  0.  0. 21.  0.  0.  0.
  0.  0.  0.  0.  0.  0. 13.  0. 24.  0.  0.  0.  0.  0.  0.  0.  0.  0.
  0.  0. 89.  0.  0.  0.  0.  0. 25. 18.  0.]
Accuracy = 83.59% -> 83.53%

30
Task: RP, Iter:420/420; Accuracy = 83.59%

